226.0,131.0,9.0,0.0,0.0,0.0,0.0,0.0,0.0,0.0,0.0,0.0,0.0,0.0,0.0,0.0,0.0,0.0,0.0,4.0
214.0,161.0,9.0,0.0,0.0,3.7222223,0.72963357,11.5,18.922234,40.444443,35.333335999999996,49.666668,36.333335999999996,-15.333332999999998,27.666665999999996,-12.333333,49.666668,0.29805613,-2.1989389999999998,5.0
205.0,190.0,9.0,0.0,0.0,1.2777773000000001,0.9981452,1.6111107,1.1238158,49.48148,44.77778,60.66666800000001,43.0,-14.111111,33.555557,-19.444445,60.66666800000001,0.29078844,-1.9875988999999998,5.0
208.0,34.0,9.0,0.0,0.0,1.7222224,1.7309811000000002,0.44444449999999996,0.50184834,14.444445000000002,10.777778,21.0,11.555555,-11.0,19.666666,-8.666667,21.0,0.479958,-2.1623826,4.0
18.0,87.0,9.0,0.0,0.0,1.5555555,1.9626131999999998,1.8888886999999999,1.7469552,2.925926,1.2222222,5.6666665,1.8888888,-5.111111,8.222222,-3.1111112000000003,5.6666665,0.8627705599999999,-2.2294934,2.0
77.0,185.0,9.0,0.0,0.0,2.944445,7.662958599999999,6.2222214000000005,32.118522999999996,32.555557,29.222221,39.666668,28.777779,-10.0,21.333334,-11.333333,39.666668,0.27036038,-2.0852716,5.0
112.0,197.0,9.0,0.0,0.0,4.2222233000000005,2.9938211,4.9444447,3.1227946,50.333332,44.666668,62.22221999999999,44.11111,-17.0,35.666668,-18.666666,62.22221999999999,0.29632849,-2.0712208999999997,5.0
187.0,80.0,9.0,0.0,0.0,1.3333327,0.7111114000000001,1.3333334,0.7111086,40.51852,37.77778,47.666668,36.11111,-8.222222,21.444445,-13.222222,47.666668,0.24472968,-1.942698,3.0
179.0,101.0,9.0,0.0,0.0,0.44444785,0.38518709999999995,0.61110944,0.32963282,134.92592,126.44443999999999,147.22223,131.11111,-25.444445,36.88889,-11.444445000000002,147.22223,0.14110672,-2.3287346,1.0
141.0,17.0,9.0,0.11111111,0.22222222,3.7222226000000003,4.4493027000000005,5.0,2.319004,44.592594,40.333335999999996,54.0,39.444443,-12.777778,28.222221,-15.444445000000002,54.0,0.26818594,-2.030048,3.0
23.0,129.0,9.0,0.0,0.0,0.5,0.07777779499999997,0.38888887,0.15185186,0.5185185,0.0,1.5555556000000001,0.0,-1.5555556000000001,3.1111112000000003,-1.5555556000000001,1.5555556000000001,0.7777777999999999,-2.0943952,2.0
103.0,125.0,9.0,0.0,0.0,0.9444445,0.82775915,0.83333343,0.6912146,1.7777778000000002,0.44444445,3.8888887999999997,1.0,-4.0,6.3333335,-2.3333333,3.8888887999999997,0.9238095,-2.2375617,2.0
14.0,146.0,9.0,0.11111111,0.0,0.8888889999999999,0.47407380000000005,1.1111111999999999,0.7407406999999999,10.592592,8.0,15.666667000000002,8.111112,-7.777777699999999,15.222222,-7.4444447,15.666667000000002,0.48786426,-2.1089108,3.0
9.0,80.0,9.0,0.0,0.0,2.9444444,13.751853,16.666666,71.5111,23.62963,17.333334,31.666665999999996,21.88889,-18.88889,24.11111,-5.222222299999999,31.666665999999996,0.5142537,-2.4315135,2.0
5.0,210.0,9.0,0.0,0.11111111,2.1666672,1.6699982,4.444444,2.613356,51.296295,45.444443,64.333336,44.11111,-17.555555,39.11111,-21.555555,64.333336,0.3175664,-2.0208955,5.0
93.0,236.0,9.0,0.11111111,0.0,1.7777777,2.6962965,1.9999999,0.93333334,12.518517999999998,9.555555,10.777778,17.222223,-8.888889,-5.222222299999999,14.111111,17.222223,0.44724658,2.2671973999999997,6.0
67.0,71.0,9.0,0.0,0.0,1.6666666,0.8888911,1.4999987,0.29999846,125.96296000000001,115.55556000000004,140.88889,121.44443999999999,-31.222221,44.77778,-13.555554999999998,140.88889,0.17967218,-2.3397580000000002,1.0
16.0,128.0,9.0,0.0,0.0,0.5,0.077777766,0.66666675,0.31111118,5.5555553,6.888889,6.666666499999999,3.1111112000000003,4.0,3.3333333,-7.333333500000001,7.111111,0.56150794,-0.98581076,0.0
60.0,52.0,9.0,0.0,0.0,0.7222225999999999,0.5963010999999999,0.7777774000000001,0.7407436,111.62963,101.0,129.22223,104.666664,-31.888890000000004,52.77778000000001,-20.88889,129.22223,0.21837935,-2.2296848,1.0
8.0,39.0,9.0,0.11111111,0.0,1.3888906,1.1296290000000002,1.8333334,0.6999989999999999,113.37037,102.55556,132.0,105.55556,-32.444443,55.88889,-23.444445,132.0,0.22295359,-2.1981577999999997,1.0
18.0,90.0,9.0,0.0,0.0,1.0555555,0.37407416,0.6666667,0.22222227,2.8148147999999997,0.5555555999999999,6.888889,1.0,-6.777777700000001,12.222222,-5.4444447,6.888889,0.9261464,-2.1643226,2.0
226.0,110.0,9.0,0.0,0.0,0.33333334,0.08888886999999998,0.49999997,0.2111111,1.6666666,0.11111111,4.4444447,0.44444445,-4.6666665,8.333332999999998,-3.6666667,4.4444447,0.9777778,-2.1559837,2.0
18.0,138.0,9.0,0.0,0.0,0.88888884,0.5629629,0.83333325,0.29999986,5.740741000000001,7.333333500000001,6.5555553,3.3333333,4.777777700000001,2.4444444,-7.222222299999999,7.333333500000001,0.5438712,-0.8621076999999999,0.0
142.0,111.0,9.0,0.0,0.0,1.1111113000000001,0.45541987,0.55555534,0.34426492,28.740740000000002,24.555555,35.88889,25.777779000000002,-12.555555,21.444445,-8.888889,35.88889,0.31548372,-2.2026672,4.0
95.0,57.0,9.0,0.0,0.0,1.8333327000000001,3.4111105999999998,2.1111107000000002,1.7185175,26.296296999999996,24.666666,34.444447,19.777779000000002,-4.888889,24.444445,-19.555555,34.444447,0.42569095,-1.7390173999999998,0.0
233.0,211.0,9.0,0.11111111,0.0,2.6666667,6.088889599999999,1.6666666,1.7333333,15.444445000000002,12.444445000000005,15.222222,18.666667999999998,-9.0,-0.6666667,9.666667,18.666667999999998,0.33542147,2.5549645,6.0
2.0,44.0,9.0,0.0,0.0,2.1666672,2.3888876,2.3888896,1.5296285,18.74074,17.333334,25.222220999999998,13.666667000000002,-4.222222299999999,19.444445,-15.222222,25.222220999999998,0.45768142,-1.7537255,0.0
14.0,110.0,9.0,0.0,0.0,1.7222224,5.351850499999999,2.6666667,1.0222229,17.925926,18.88889,21.444445,13.444445000000005,2.8888887999999997,10.555555,-13.444445000000005,21.444445,0.36884832,-1.3450956,0.0
23.0,85.0,9.0,0.0,0.0,1.4444445,1.0518524999999999,1.7777779999999999,0.96296287,17.962963000000002,18.88889,21.88889,13.111111,2.7777777,11.777778,-14.555554999999998,21.88889,0.39975148,-1.386867,0.0
136.0,45.0,9.0,0.0,0.0,1.222222,1.5444058999999999,2.0555553,1.5263131,53.074073999999996,48.11111,63.77778000000001,47.333332,-14.888889,32.11111,-17.222220999999998,63.77778000000001,0.25936732,-2.0459049,3.0
86.0,193.0,9.0,0.0,0.0,3.2777792999999997,1.6521593,2.222222,1.8094397,61.40740600000001,53.66666800000001,76.55556,54.0,-23.222220999999998,45.444443,-22.222220999999998,76.55556,0.29957896,-2.1093748,5.0
138.0,116.0,9.0,0.0,0.0,0.6111111,0.15185188,0.44444449999999996,0.20740739,6.4814815999999995,7.5555553,8.222222,3.6666667,3.2222223,5.222222299999999,-8.444445,8.333333999999999,0.5591710999999999,-1.1910701000000001,0.0
44.0,79.0,9.0,0.0,0.0,0.44444403,0.34426486,0.7777786,0.4036864,107.74073999999999,93.888885,126.55556000000004,102.77778,-41.555557,56.44444300000001,-14.888889,126.55556000000004,0.2580791,-2.3779652000000002,1.0
252.0,201.0,9.0,0.0,0.0,4.6111107,5.495115,5.5555553,5.795274,40.296295,35.77778,49.0,36.11111,-13.555554999999998,26.11111,-12.555555,49.0,0.2753682,-2.1758256,5.0
26.0,67.0,9.0,0.11111111,0.0,1.0,0.8888903,2.4444447,3.1851847,20.0,19.555555,25.88889,14.555554999999998,-1.3333334,17.666666,-16.333334,25.88889,0.43693919999999997,-1.6232022,0.0
54.0,91.0,9.0,0.0,0.0,1.4444443,1.540741,0.8333333,0.25555572,3.2592592000000002,0.5555555999999999,8.0,1.2222222,-8.111110999999998,14.222222,-6.111111,8.0,0.94481075,-2.1867229999999998,2.0
208.0,65.0,9.0,0.0,0.0,1.3888874000000002,1.2367799,26.444445,25.537477,56.70370500000001,52.66666800000001,64.44444,53.0,-12.111111,23.222220999999998,-11.111111,64.44444,0.19713038,-1.9708116000000002,3.0
