235.0,196.0,9.0,0.0,0.0,1.6666666,1.333334,2.222222,1.1482682,47.25926,41.77778,58.55555699999999,41.444443,-16.444445,33.88889,-17.444445,58.55555699999999,0.29423782,-2.0746154999999997,5.0
22.0,116.0,9.0,0.0,0.0,0.38888875,0.10740741,0.33333325,0.13333334,5.6296295999999995,6.777777700000001,7.0,3.1111112000000003,3.4444443999999996,4.111111,-7.5555553,7.333333500000001,0.57539684,-1.0996237,0.0
58.0,113.0,9.0,0.0,0.0,3.4444447,1.2232318000000002,0.7222223000000001,0.38968182,20.851851999999997,16.88889,28.444445,17.222223,-11.888889,22.777779000000002,-10.888889,28.444445,0.4148072,-2.1256926,4.0
21.0,90.0,9.0,0.0,0.0,0.66666794,0.044444147,0.7777786,0.56296283,113.48148,105.88888500000002,128.55556,106.0,-22.777779000000002,45.22222,-22.444445,128.55556,0.17969723,-2.0978147999999996,1.0
225.0,58.0,9.0,0.0,0.0,0.3333335,0.42163706,0.44444449999999996,0.34426522,8.333332999999998,5.5555553,14.111111,5.3333335,-8.333332999999998,17.333334,-9.0,14.111111,0.62222224,-2.0685637,4.0
80.0,95.0,9.0,0.0,0.0,1.2222223,1.0074079,0.9444440000000001,0.5518514,21.407408,21.333334,26.666665999999996,16.222223,-0.22222222,15.777778,-15.555554999999998,26.666665999999996,0.39043593,-1.5673273,0.0
229.0,195.0,9.0,0.0,0.0,4.166666,2.2779152000000003,4.111111,2.2476342000000002,47.703705,42.444443,58.88889,41.77778,-15.777778,33.555557,-17.777778999999995,58.88889,0.29027814,-2.0527046,5.0
120.0,74.0,9.0,0.0,0.0,0.3333346,0.08888922,0.50000125,0.07777796,101.85185,89.111115,123.22222,93.22222,-38.22222,64.111115,-25.88889,123.22222,0.2767844,-2.2205532000000003,1.0
143.0,24.0,9.0,0.0,0.0,1.2777773000000001,0.9074056,0.8888880599999999,1.1407489,127.62963,117.66666399999998,141.66666999999998,123.55556000000004,-29.888890000000004,42.11111,-12.222222,141.66666999999998,0.16939692,-2.349252,1.0
140.0,25.0,9.0,0.0,0.0,0.99999875,1.4666697,1.1111107,0.118517555,128.0,117.77778,142.33334,123.88888500000002,-30.666665999999996,43.0,-12.333333,142.33334,0.17250364,-2.3545517999999994,1.0
138.0,133.0,9.0,0.0,0.0,0.6666667,0.44444433,1.1666666,0.21111093,6.4444447,7.777777699999999,7.888889,3.6666667,4.0,4.3333335,-8.333332999999998,8.222222,0.5582011,-1.0776595000000002,0.0
137.0,182.0,9.0,0.0,0.0,1.8333334,3.8555553,3.6111107000000002,9.218522,34.925926000000004,31.444445,42.88889,30.444445,-10.444445000000002,23.88889,-13.444445000000005,42.88889,0.28575617,-2.0011246,5.0
101.0,121.0,9.0,0.11111111,0.0,0.6666667,0.8432739999999999,1.5,0.88819396,3.4074074999999997,1.1111111999999999,6.0,3.1111112000000003,-6.888889,7.777777699999999,-0.8888889000000001,6.0,0.8435185,-2.5191647999999995,2.0
186.0,218.0,9.0,0.0,0.0,1.1666666,0.74444425,1.1666665,0.65555507,13.703704,10.666667,12.666667,17.777778999999995,-9.111111,-3.1111112000000003,12.222222,17.777778999999995,0.40134683,2.3826834999999997,6.0
45.0,89.0,9.0,0.0,0.0,0.7777776999999999,0.3407409,0.77777773,0.47407398,2.2962964,0.11111111,6.4444447,0.33333334,-6.5555553,12.444445000000005,-5.888889,6.4444447,0.9861110999999999,-2.1239047,2.0
120.0,136.0,9.0,0.0,0.0,0.61111116,0.41851869999999997,1.0000001,0.4444444,6.259258999999999,7.777777699999999,7.222222299999999,3.7777777,4.5555553,2.8888887999999997,-7.4444447,8.0,0.52954143,-0.92460656,0.0
112.0,90.0,9.0,0.0,0.0,7.388889999999999,6.9455557,1.2777773000000001,0.8798141499999999,65.18519,57.66666800000001,79.77778,58.11111,-22.555555,43.77778,-21.222220999999998,79.77778,0.27834544,-2.108813,3.0
222.0,62.0,9.0,0.0,0.0,0.27777782,0.25092420000000004,0.6666667,0.55777335,6.4074073,4.111111,11.444445000000002,3.6666667,-6.888889,15.111111,-8.222222,11.444445000000002,0.68080807,-2.0341523,4.0
7.0,18.0,9.0,0.0,0.0,1.2777786,0.7296264999999998,0.9444453000000002,0.37407914,138.62962,133.33334,147.55556,135.0,-15.888889,26.777779,-10.888889,147.55556,0.09635223400000001,-2.2146115,1.0
206.0,61.0,9.0,0.0,0.0,0.5555555,0.40368673,0.4999999,0.45946813,7.0740743,4.6666669999999995,12.222222,4.3333335,-7.222222299999999,15.444445000000002,-8.222222,12.222222,0.64589113,-2.0487173,4.0
59.0,120.0,9.0,0.0,0.0,2.1666667,1.9860634,1.4444441000000001,1.8698384999999997,19.074074,10.555555,33.11111,13.555554999999998,-25.555555,42.11111,-16.555555,33.11111,0.6812664,-2.2312608,2.0
1.0,81.0,9.0,0.0,0.0,12.166667,267.45554,9.222222,205.36296000000002,21.333334,14.0,30.555555,19.444445,-22.0,27.666665999999996,-5.6666665,30.555555,0.5952821999999999,-2.438409,2.0
190.0,105.0,9.0,0.0,0.0,1.8888893,2.2962982999999997,2.166666,1.6777796999999999,45.74074,41.22222,56.33333199999999,39.666668,-13.555554999999998,31.777779,-18.222220999999998,56.33333199999999,0.29599184,-1.9960818,3.0
236.0,117.0,9.0,0.0,0.0,0.7777786,0.40368706,1.277778,0.74286777,45.88889,39.555557,58.44444300000001,39.666668,-19.0,37.666668,-18.666666,58.44444300000001,0.33047688,-2.0994802000000004,3.0
228.0,20.0,9.0,0.0,0.0,1.0555546999999998,0.49065518,0.8333333,0.7527732999999999,125.0,114.0,140.55556,120.44443999999999,-33.0,46.666668,-13.666667000000002,140.55556,0.18889166,-2.3480060000000003,1.0
231.0,124.0,9.0,0.0,0.0,3.4444447,14.962964999999999,1.8333334,6.4333352999999995,3.0,1.4444443999999999,5.888889,1.6666666,-4.6666665,8.666667,-4.0,5.888889,0.8953689999999999,-2.118937,2.0
123.0,152.0,9.0,0.0,0.0,0.0,0.0,0.0,0.0,0.0,0.0,0.0,0.0,0.0,0.0,0.0,0.0,0.0,0.0,4.0
2.0,245.0,9.0,0.0,0.0,1.8888888,2.162963,3.1666667,3.2777781000000004,6.4074073,6.222222299999999,6.0,7.0,-0.5555555999999999,-1.2222222,1.7777778000000002,7.222222299999999,0.19104938,1.7566451,6.0
229.0,104.0,9.0,0.0,0.0,0.49999985,0.54772234,2.8333333,2.0412421000000003,19.777779000000002,16.333334,26.11111,16.88889,-10.333333,19.0,-8.666667,26.11111,0.37553233,-2.1506376,4.0
151.0,89.0,9.0,0.0,0.0,8.388889,4.577317,0.7222220299999998,0.38968238,31.703703000000004,27.333334000000004,41.0,26.777779,-13.111111,27.888890000000004,-14.777778,41.0,0.35127252,-2.0465415,3.0
22.0,87.0,9.0,0.0,0.0,1.8888898999999997,1.2590423000000002,1.1666666,0.62361073,64.03704,55.77778000000001,80.333336,56.0,-24.777779000000002,48.88889,-24.11111,80.333336,0.30969977,-2.105073,3.0
140.0,125.0,9.0,0.0,0.0,0.2777779,0.06296301,0.66666675,0.31111118,6.185185,7.333333500000001,7.666666499999999,3.5555556000000004,3.4444443999999996,4.4444447,-7.888889,7.777777699999999,0.5456349,-1.1218181999999999,0.0
79.0,28.0,9.0,0.0,0.0,4.2777769999999995,3.7618961000000004,0.8333333,0.6582806,62.40740600000001,53.44444300000001,79.111115,54.66666800000001,-26.888890000000004,50.11111,-23.222220999999998,79.111115,0.32455578,-2.1445074,3.0
8.0,199.0,9.0,0.0,0.0,1.6666671000000002,0.78881073,1.3888893000000002,0.71232533,15.0,13.333332999999998,11.777778,19.88889,-5.0,-9.666667,14.666667000000002,19.88889,0.40888458,1.9053026000000002,6.0
202.0,193.0,9.0,0.0,0.0,1.111112,0.7503075,3.3888881,2.489236,41.703705,37.88889,50.666668,36.555557,-11.444445000000002,26.888890000000004,-15.444445000000002,50.666668,0.27838665,-1.9929974999999998,5.0
237.0,191.0,9.0,0.0,0.0,1.0,0.31111106,1.5,1.0111109,7.333333500000001,5.3333335,5.4444447,11.222222,-6.0,-5.6666665,11.666667,11.222222,0.5358196999999999,2.1224225,6.0
37.0,78.0,9.0,0.0,0.0,1.0000006,0.17777735,2.5555565,2.8740728,43.814816,41.11111,51.88889,38.444443,-8.111110999999998,24.222220999999998,-16.11111,51.88889,0.25891644,-1.8860723000000001,3.0
