105.0,193.0,9.0,0.0,0.0,3.222222,1.9051596999999998,2.8888892999999998,2.1773255000000002,60.11111,53.11111,75.111115,52.11111,-21.0,45.0,-24.0,75.111115,0.30846536,-2.047766,5.0
66.0,41.0,9.0,0.0,0.0,0.61111194,0.32773077,0.38889185,0.32773316,109.703705,95.111115,128.88889,105.11111499999998,-43.77778,57.55555699999999,-13.777778,128.88889,0.26204562,-2.404745,1.0
160.0,41.0,9.0,0.0,0.0,0.8333333,0.8096638,0.22222225,0.17213258,0.7037036999999999,0.5555555999999999,1.2222222,0.33333334,-0.44444445,1.5555556000000001,-1.1111111999999999,1.2222222,0.537037,-1.8451205000000002,4.0
92.0,56.0,9.0,0.0,0.0,0.44444275,0.029629406,0.8333333,0.5666677,126.0,115.88888500000002,140.66666999999998,121.44443999999999,-30.333334000000004,44.0,-13.666667000000002,140.66666999999998,0.17606053,-2.3267827000000003,1.0
80.0,40.0,9.0,0.0,0.0,0.6111107,0.5741323,0.7222225999999999,0.7722025,110.703705,96.22222,129.0,106.88888500000002,-43.444443,54.88889,-11.444445000000002,129.0,0.2540513,-2.4346924,1.0
36.0,145.0,9.0,0.0,0.0,0.27777779999999996,0.19629629,1.2777778,2.0629628,0.8518519,0.33333334,1.4444443999999999,0.7777777999999999,-1.5555556000000001,1.7777778000000002,-0.22222222,1.4444443999999999,0.25185186,-2.5309502999999998,2.0
67.0,32.0,9.0,0.0,0.0,0.9444440000000001,1.0628421000000001,1.7777786,1.3109215,126.22222,115.11111499999998,142.22223,121.33333600000002,-33.333332,48.0,-14.666667000000002,142.22223,0.19062504,-2.333746,1.0
182.0,186.0,9.0,0.11111111,0.0,3.666666,2.0439608,1.7777767,1.2412661,48.444443,43.77778,59.88889,41.666668,-14.0,34.333332,-20.333334,59.88889,0.30452195,-1.9730555,5.0
196.0,95.0,9.0,0.0,0.0,1.7222220000000001,1.1238165000000002,1.3333335,1.2649110000000001,7.6296296,6.777777700000001,10.777778,5.3333335,-2.5555556,9.444445000000002,-6.888889,10.777778,0.51256585,-1.7492584,4.0
204.0,156.0,9.0,0.0,0.0,0.5000003,0.27888626,1.9999996,0.55777323,23.703703,17.333334,25.444445,28.333334000000004,-19.11111,5.222222299999999,13.888889,28.333334000000004,0.38903406,2.8649306,6.0
223.0,185.0,9.0,0.0,0.0,0.5,0.34960312,2.3888886,2.0807757,12.962963,11.555555,9.777778,17.555555,-4.222222299999999,-9.555555,13.777778,17.555555,0.44541803,1.8388497,6.0
43.0,152.0,9.0,0.0,0.0,1.9444445,1.7074082,1.2222222,0.8296299000000001,1.5185186000000002,1.0,2.8888887999999997,0.6666667,-1.5555556000000001,4.111111,-2.5555556,2.8888887999999997,0.64867723,-1.9332388999999999,4.0
96.0,94.0,9.0,0.0,0.0,0.7222225999999999,0.28518537,0.44444466,0.42963016,20.222220999999998,16.0,28.777779,15.888889,-12.666667,25.666666,-13.0,28.777779,0.45154575,-2.084893,4.0
189.0,141.0,9.0,0.0,0.0,0.0,0.0,0.0,0.0,0.0,0.0,0.0,0.0,0.0,0.0,0.0,0.0,0.0,0.0,4.0
142.0,33.0,9.0,0.0,0.0,0.49999872,0.62360865,0.50000125,0.3496027,110.59258999999999,96.77778,128.66666999999998,106.33333600000002,-41.444443,54.22221999999999,-12.777778,128.66666999999998,0.24777646,-2.4080186,1.0
181.0,27.0,9.0,0.0,0.0,0.7222214,0.46296388,0.5,0.25555483,138.07408000000004,132.55556,146.55556,135.11111,-16.555555,25.444445,-8.888889,146.55556,0.09626316,-2.2645319,1.0
134.0,187.0,9.0,0.0,0.0,1.8888886999999999,1.5153537000000001,2.1111114,1.7847083,59.370369999999994,52.66666800000001,74.111115,51.333332,-20.11111,44.22222,-24.11111,74.111115,0.30745777,-2.03348,5.0
89.0,221.0,9.0,0.0,0.0,1.3888888000000001,1.4851848,1.4444445,1.5851861999999999,14.074074,10.666667,12.444445000000005,19.11111,-10.222222,-4.888889,15.111111,19.11111,0.44601154,2.3172118999999998,6.0
90.0,134.0,9.0,0.0,0.0,0.38888887,0.018518528,0.94444436,0.1518523,2.1111112000000003,1.0,4.6666669999999995,0.6666667,-3.3333333,7.666666499999999,-4.3333335,4.6666669999999995,0.88148147,-2.0131435,4.0
71.0,180.0,9.0,0.11111111,0.0,1.222222,0.5629625,3.0,1.8666646,22.333334,18.333334,21.444445,27.222221,-12.0,-2.6666667,14.666667000000002,27.222221,0.32738259999999997,2.4538307,6.0
33.0,149.0,9.0,0.0,0.0,0.5555555999999999,0.25185165,0.72222227,0.15185171,5.4444447,4.111111,8.666667,3.5555556000000004,-4.0,9.666667,-5.6666665,8.666667,0.5783389,-1.9857028,0.0
140.0,125.0,9.0,0.0,0.0,0.66666657,0.22222227,2.6666667,3.7777781000000004,3.925926,1.5555556000000001,7.777777699999999,2.4444444,-7.111111,11.555555,-4.4444447,7.777777699999999,0.85319865,-2.2342408,2.0
157.0,85.0,9.0,0.0,0.0,1.2222223,1.2412657,0.22222233,0.17213264,18.925926,14.555554999999998,26.888890000000004,15.333332999999998,-13.111111,23.88889,-10.777778,26.888890000000004,0.45902446,-2.1609125,4.0
62.0,223.0,9.0,0.0,0.0,2.5,5.7222230000000005,1.6666666,2.4444442000000004,6.666666499999999,4.888889,4.6666669999999995,10.444445000000002,-5.3333335,-6.0,11.333333,10.444445000000002,0.5931498000000001,2.0465877,6.0
36.0,243.0,9.0,0.11111111,0.0,1.888889,1.8518512999999999,2.0,0.7111104,13.333332999999998,9.888889,12.111111,18.0,-10.333333,-3.6666667,14.0,18.0,0.4522286,2.3683104999999998,6.0
127.0,143.0,9.0,0.0,0.0,1.5,0.12222214,0.88888884,0.60740745,4.185185,0.8888889000000001,9.444445000000002,2.2222223,-9.888889,15.777778,-5.888889,9.444445000000002,0.915376,-2.2574123999999998,2.0
156.0,32.0,9.0,0.0,0.0,0.7777735599999999,0.16296418,2.6111095,1.0407379,136.2963,129.77778999999998,146.33334,132.77778999999998,-19.555555,30.111109999999996,-10.555555,146.33334,0.113055356,-2.280755,1.0
160.0,110.0,9.0,0.0,0.0,0.833333,0.6912145000000001,0.4444437,0.27216540000000006,31.62963,27.222221,39.333335999999996,28.333334000000004,-13.222222,23.11111,-9.888889,39.333335999999996,0.3074441,-2.1872416,4.0
197.0,236.0,9.0,0.0,0.0,2.4444444,6.829628,3.3333333,7.599997999999999,16.074074,13.111111,16.666667999999998,18.444445,-8.888889,1.7777778000000002,7.111111,18.555555,0.29272884,2.7898002,6.0
230.0,124.0,9.0,0.0,0.0,0.27777779999999996,0.10740743,0.27777779999999996,0.15185183,0.6666667,0.0,2.0,0.0,-2.0,4.0,-2.0,2.0,1.0,-2.0943952,2.0
80.0,87.0,9.0,0.0,0.11111111,24.388891,572.9964,44.722225,1386.3292,67.44444,58.77778000000001,79.0,64.55556,-26.0,34.666668,-8.666667,79.0,0.30628127,-2.4221272000000003,2.0
188.0,133.0,9.0,0.0,0.0,0.33333334,0.26666674,0.5,0.077777736,6.666666499999999,8.333333999999999,7.777777699999999,3.8888887999999997,5.0,3.3333333,-8.333332999999998,8.444445,0.53858024,-0.92481726,0.0
210.0,153.0,9.0,0.0,0.0,0.0,0.0,0.0,0.0,0.0,0.0,0.0,0.0,0.0,0.0,0.0,0.0,0.0,0.0,4.0
208.0,240.0,9.0,0.11111111,0.0,1.0555557,0.86296326,2.4444444,5.007407,14.148148999999998,10.888889,13.0,18.555555,-9.777778,-3.4444443999999996,13.222222,18.555555,0.42162097,2.3924873,6.0
184.0,145.0,9.0,0.0,0.0,0.72222227,0.6116159000000001,0.22222222,0.2721655,0.5555555999999999,0.33333334,1.2222222,0.11111111,-0.6666667,2.0,-1.3333334,1.2222222,0.5277778000000001,-1.9209436000000002,4.0
165.0,99.0,9.0,0.0,0.0,0.88889056,0.47407392,0.7777786,0.47407353,93.40741,79.0,118.0,83.22222,-43.22222,73.77778,-30.555555,118.0,0.33041757,-2.2077565,1.0
226.0,83.0,9.0,0.0,0.0,0.8888893,0.5185185999999999,1.0555521,0.50740635,90.62963,74.55556,116.88888500000002,80.44444,-48.22222,78.77778,-30.555555,116.88888500000002,0.36206177,-2.2390527999999996,1.0
