63.0,201.0,9.0,0.0,0.0,1.4444445,0.9185186,0.94444424,0.5518518,7.777777699999999,6.222222299999999,5.5555553,11.555555,-4.6666665,-6.666666499999999,11.333333,11.555555,0.54320127,1.9829868000000002,6.0
34.0,137.0,9.0,0.0,0.0,0.5000002,0.16666673,1.111111,0.47407418,5.851852,7.777777699999999,6.4444447,3.3333333,5.777777700000001,1.7777778000000002,-7.5555553,7.777777699999999,0.57363313,-0.74427164,0.0
52.0,102.0,9.0,0.0,0.0,0.72222227,0.50740725,0.8333333,0.5666668,2.8888887999999997,0.6666667,6.3333335,1.6666666,-6.666666499999999,10.333333,-3.6666667,6.3333335,0.89973545,-2.2617195,2.0
103.0,216.0,9.0,0.0,0.0,0.88888884,0.6518517,2.1666662999999997,1.1444442,14.555554999999998,10.888889,13.666667000000002,19.11111,-11.0,-2.6666667,13.666667000000002,19.11111,0.43169576,2.4475467,6.0
230.0,117.0,9.0,0.0,0.0,3.2777786,0.92895794,1.4444433,0.86066324,39.037037,33.555557,49.77778,33.77778,-16.444445,32.22222,-15.777778,49.77778,0.33502588,-2.1062347999999997,3.0
219.0,80.0,9.0,0.0,0.0,1.2777767,0.3296295,0.6666667,0.9333318000000002,39.703705,36.333335999999996,48.22222,34.555557,-10.111111,25.555555,-15.444445000000002,48.22222,0.28296396,-1.9626464,3.0
151.0,163.0,9.0,0.0,0.0,2.0555556,2.2851863,18.166666,41.988934,40.0,34.555557,48.0,37.444443,-16.333334,24.0,-7.666666499999999,48.11111,0.26384650000000004,-2.5174901000000003,5.0
88.0,180.0,9.0,0.0,0.0,1.4999993999999999,0.93689823,3.833332,2.888675,50.407406,45.22222,62.33333199999999,43.666668,-15.555554999999998,35.77778,-20.222220999999998,62.33333199999999,0.3009182,-2.0087192,5.0
250.0,176.0,9.0,0.0,0.11111111,1.611112,1.0628399,3.4444440000000003,1.6953092,53.66666800000001,47.11111,67.66667,46.22222,-19.666666,42.0,-22.333334,67.66667,0.3181372,-2.0522583,5.0
63.0,220.0,9.0,0.0,0.0,3.055556,15.262959500000001,3.6666667,6.088889599999999,8.185185,6.5555553,6.4444447,11.555555,-4.888889,-5.222222299999999,10.111111,11.555555,0.48671728,2.0931497,6.0
39.0,111.0,9.0,0.0,0.0,0.72222227,0.37407416,0.8888889000000001,0.4296295,6.037037000000001,7.0,7.666666499999999,3.4444443999999996,2.8888887999999997,4.888889,-7.777777699999999,7.888889,0.56291884,-1.1757725,0.0
86.0,197.0,9.0,0.11111111,0.11111111,1.611112,1.4516907,1.2777786,1.1038647,63.22221999999999,56.22221999999999,77.77778,55.66666800000001,-21.0,43.666668,-22.666666,77.77778,0.28533262,-2.06802,5.0
200.0,215.0,9.0,0.0,0.0,1.5555558999999999,0.9583940500000002,4.722222,2.6450515,23.037036999999998,17.11111,22.555555,29.444445,-17.777778999999995,-1.4444443999999999,19.222220999999998,29.444445,0.42076695,2.5610487,6.0
243.0,120.0,9.0,0.0,0.0,4.4444447,4.359749,1.5555546999999998,1.8338386999999998,47.851852,44.77778,56.33333199999999,42.444443,-9.222222,25.444445,-16.222220999999998,56.33333199999999,0.24532129999999996,-1.9107348999999998,3.0
186.0,12.0,9.0,0.0,0.0,0.44444433,0.27216548,2.3333333,1.9663839,6.259258999999999,3.8888887999999997,11.333333,3.5555556000000004,-7.111111,15.222222,-8.111110999999998,11.333333,0.6873016,-2.057978,4.0
74.0,129.0,9.0,0.0,0.0,0.22222222,0.029629637,0.11111111,0.029629635,0.5185185,0.0,1.5555556000000001,0.0,-1.5555556000000001,3.1111112000000003,-1.5555556000000001,1.5555556000000001,1.0,-2.0943952,2.0
152.0,155.0,9.0,0.0,0.0,0.5,0.61111104,10.777778,131.80739,7.296296000000001,5.3333335,11.0,5.5555553,-5.888889,11.111111,-5.222222299999999,11.0,0.5,-2.115567,4.0
125.0,46.0,9.0,0.11111111,0.0,0.61110944,0.61161584,2.166668,0.7817351999999999,124.55556000000004,112.77778,141.0,119.88888500000002,-35.333332,49.333332,-14.0,141.0,0.20012376,-2.357688,1.0
162.0,159.0,9.0,0.0,0.0,2.1666667,0.9603238000000002,2.2222223,1.4555128000000002,26.11111,25.222220999999998,29.555555,23.555555,-2.6666667,10.333333,-7.666666499999999,29.555555,0.20284556,-1.8025542,3.0
68.0,103.0,9.0,0.0,0.0,0.66666675,0.57777774,1.111111,0.96296334,2.148148,0.11111111,5.6666665,0.6666667,-6.111111,10.555555,-4.4444447,5.6666665,0.9876543,-2.1854658,2.0
163.0,166.0,9.0,0.0,0.0,1.7777776,1.0962971000000001,2.444445,1.0518519,16.962963000000002,12.333333,16.333334,22.222220999999998,-13.888889,-1.8888888,15.777778,22.222220999999998,0.4462137,2.5158255,6.0
145.0,102.0,9.0,0.0,0.0,0.88888866,0.6074083,2.611111,1.4851857,23.074074,22.11111,29.777779,17.333334,-2.8888887999999997,20.11111,-17.222220999999998,29.777779,0.41776258,-1.6854403999999998,0.0
122.0,11.0,9.0,0.0,0.0,1.0,0.31111577,2.8888905,5.051851999999999,143.44444,136.88889,150.88889,142.55556,-19.666666,22.333334,-2.6666667,150.88889,0.09277301,-2.5216477000000004,1.0
23.0,55.0,9.0,0.0,0.0,2.2222216,3.6740727,1.7777773000000001,0.7851852,23.444445,21.666666,31.111109999999996,17.555555,-5.3333335,23.0,-17.666666,31.111109999999996,0.43507022,-1.7711631999999997,0.0
21.0,122.0,9.0,0.0,0.0,0.44444445,0.4036867,0.44444445,0.4036867,0.5555555999999999,0.0,1.2222222,0.44444445,-1.6666666,2.0,-0.33333334,1.2222222,0.5555555999999999,-2.4445627,2.0
198.0,127.0,9.0,0.0,0.0,2.4444444,4.385187,8.555555,59.54075,40.74074,38.0,48.22222,36.0,-8.222222,22.444445,-14.222222,48.22222,0.24899939,-1.9083477999999998,3.0
59.0,99.0,9.0,0.0,0.0,0.77777785,0.8296296999999999,0.99999994,0.35555559999999997,2.0370371,0.11111111,5.5555553,0.44444445,-5.777777700000001,10.555555,-4.777777700000001,5.5555553,0.9861110999999999,-2.149743,2.0
140.0,124.0,9.0,0.0,0.0,1.0,0.44444454,1.1111111999999999,1.0518516000000002,2.5185183999999996,0.22222222,6.111111,1.2222222,-6.888889,10.777778,-3.8888887999999997,6.111111,0.97376543,-2.267462,2.0
200.0,250.0,9.0,0.0,0.0,2.2777777,1.4207459999999998,1.4444445,1.0255988,9.222222,6.5555553,7.333333500000001,13.777778,-8.0,-5.6666665,13.666667000000002,13.777778,0.5633903,2.1929355,6.0
124.0,191.0,9.0,0.0,0.0,3.5000007000000006,2.7386136000000003,3.277778,2.8001327999999996,59.74074,52.88889,74.77778,51.555557,-20.555555,45.11111,-24.555555,74.77778,0.31361094,-2.0354799999999997,5.0
198.0,183.0,9.0,0.0,0.0,1.0555546999999998,1.1816497,3.3888881,1.5974506000000002,54.037037,48.88889,66.55556,46.666668,-15.444445000000002,37.555557,-22.11111,66.55556,0.2986217,-1.9749589,5.0
169.0,102.0,9.0,0.0,0.0,1.0,0.35555485,0.8888893,0.2962955,58.22221999999999,53.44444300000001,69.66667,51.555557,-14.333332999999998,34.333332,-20.0,69.66667,0.25975996,-1.9855843,3.0
243.0,94.0,9.0,0.0,0.0,0.6666666,0.31111112,0.22222221,0.029629631,1.1851851999999998,0.22222222,3.2222223,0.11111111,-2.8888887999999997,6.111111,-3.2222223,3.2222223,0.9777778,-2.0712416,4.0
217.0,148.0,9.0,0.0,0.0,2.0555556,2.551854,1.0555553,0.5074078,29.074074,21.444445,41.555557,24.222220999999998,-22.88889,37.444443,-14.555554999999998,41.555557,0.48377079999999995,-2.2379715,3.0
229.0,124.0,9.0,0.0,0.0,0.8888889999999999,0.07407398499999998,0.8888889000000001,0.3407407,5.888889,7.111111,7.111111,3.4444443999999996,3.6666667,3.6666667,-7.333333500000001,7.5555553,0.5458554,-1.0376626000000002,0.0
45.0,108.0,9.0,0.0,0.11111111,25.5,12.795401,27.277779,15.930981,49.814816,41.77778,61.11111,46.555557,-24.11111,33.88889,-9.777778,61.11111,0.35897508,-2.3604912999999996,2.0
67.0,136.0,9.0,0.0,0.0,6.722223,3.7083487999999996,2.6666667,3.1972213,15.518517999999998,9.0,25.333334,12.222222,-19.555555,29.444445,-9.888889,25.333334,0.66081303,-2.3075109,2.0
