244.0,194.0,9.0,0.0,0.0,1.7222220000000001,1.14342,2.277778,2.03761,49.74074,44.444443,61.66666800000001,43.11111,-15.888889,35.77778,-19.88889,61.66666800000001,0.30085307,-2.0218375,5.0
223.0,62.0,9.0,0.0,0.0,0.3333334,0.29814243,0.44444442,0.50184846,6.4444447,4.111111,11.444445000000002,3.7777777,-7.0,15.0,-8.0,11.444445000000002,0.6703704,-2.0487173,4.0
150.0,158.0,9.0,0.0,0.0,2.166667,1.6333338,1.388889,0.41851807,8.444445,7.0,12.222222,6.111111,-4.3333335,11.333333,-7.0,12.222222,0.50308645,-1.9434487,3.0
58.0,109.0,9.0,0.0,0.0,0.8888889000000001,0.25185165,2.8333333,1.677777,4.296296,1.4444443999999999,8.444445,3.0,-8.555555,12.444445000000005,-3.8888887999999997,8.444445,0.8644824000000001,-2.2837872999999997,2.0
112.0,30.0,9.0,0.0,0.0,0.55555725,0.27216440000000003,1.2222226999999999,0.7200825,113.25926000000001,100.77778,130.11111,108.88888500000002,-37.444443,50.555557,-13.111111,130.11111,0.22538376,-2.3853076,1.0
163.0,68.0,9.0,0.0,0.0,1.833334,2.2111099999999997,1.5555558999999999,0.96296287,56.77778000000001,52.0,68.22222,50.11111,-14.333332999999998,34.333332,-20.0,68.22222,0.26505277,-1.9843078,3.0
57.0,177.0,9.0,0.0,0.0,0.94444495,0.55185163,1.4444443,1.71852,19.592592,15.777778,18.444445,24.555555,-11.444445000000002,-3.4444443999999996,14.888889,24.555555,0.35899040000000004,2.413262,6.0
4.0,201.0,9.0,0.0,0.22222222,2.722222,1.6788458,5.2222214000000005,3.1245742,53.70370500000001,47.11111,67.22222,46.77778,-19.777779000000002,40.555557,-20.777779000000002,67.22222,0.30885938,-2.0752265,5.0
121.0,60.0,9.0,0.0,0.0,2.277778,2.329629,2.888889,2.8740742000000004,26.740740000000002,24.666666,35.22222,20.333334,-6.222222299999999,25.444445,-19.222220999999998,35.22222,0.4223002,-1.776113,0.0
18.0,145.0,9.0,0.0,0.0,0.38888896,0.018518496000000002,0.6111111,0.3740741,3.925926,5.5555553,4.0,2.2222223,4.888889,0.22222222,-5.111111,5.5555553,0.6005291,-0.57094,0.0
242.0,183.0,9.0,0.0,0.0,1.4999999,0.9368979,2.1666667,1.7981470000000002,15.370370000000001,12.666667,12.444445000000005,21.0,-8.111110999999998,-8.777777999999998,16.88889,21.0,0.42024404,2.0758736,6.0
6.0,81.0,9.0,0.0,0.11111111,4.111111,8.740745,5.7222230000000005,28.507409999999997,12.481482000000002,7.666666499999999,18.88889,10.888889,-14.444445000000002,19.222220999999998,-4.777777700000001,18.88889,0.6281558,-2.388561,2.0
72.0,191.0,9.0,0.11111111,0.0,1.2777777,0.5074075,3.1111114,4.6074066,15.185185,12.111111,14.888889,18.555555,-9.222222,-0.8888889000000001,10.111111,18.555555,0.3503698,2.545329,6.0
232.0,175.0,9.0,0.0,0.0,1.1666669,0.62360954,2.8333333,2.1679492000000002,15.370370000000001,12.444445000000005,13.555554999999998,20.11111,-8.777777999999998,-5.4444447,14.222222,20.11111,0.38741234,2.2421957999999997,6.0
69.0,139.0,9.0,0.0,0.0,2.8333328,1.7732588,2.1111112000000003,1.6688870999999998,18.074074,16.0,22.555555,15.666667000000002,-6.222222299999999,13.444445000000005,-7.222222299999999,23.88889,0.38661182,-1.7028333999999998,2.0
94.0,144.0,9.0,0.0,0.0,0.44444442,0.118518494,0.49999997,0.1666667,1.1481482,0.0,3.4444443999999996,0.0,-3.4444443999999996,6.888889,-3.4444443999999996,3.4444443999999996,1.0,-2.0943952,2.0
219.0,176.0,9.0,0.0,0.11111111,2.1111119,1.8579169999999998,5.111111,2.8414931,60.29629499999999,53.33333199999999,75.66666999999998,51.88889,-20.88889,46.11111,-25.222220999999998,75.66666999999998,0.31446242,-2.0306482,5.0
107.0,21.0,9.0,0.0,0.0,0.66666156,0.51639783,1.1666666,0.40824829999999995,126.77778,115.77778,141.88889,122.66666399999998,-33.0,45.333332,-12.333333,141.88889,0.18402189,-2.3703717999999996,1.0
239.0,93.0,9.0,0.0,0.0,3.4444440000000003,13.496301,1.0555555,0.8629623699999999,14.407407999999998,9.888889,22.88889,10.444445000000002,-13.555554999999998,25.444445,-11.888889,22.88889,0.57700235,-2.1374934,4.0
66.0,160.0,9.0,0.0,0.0,3.0000007,4.044447,2.777778,0.4296295,22.851851999999997,18.222220999999998,31.555555,18.777779000000002,-13.888889,26.11111,-12.222222,31.555555,0.4260139,-2.1387258,3.0
85.0,101.0,9.0,0.0,0.0,1.3333334,1.2888881,1.2777777,1.2185181,21.296297,21.222220999999998,26.777779,15.888889,-0.22222222,16.444445,-16.222220999999998,26.777779,0.4047922,-1.5585992,0.0
130.0,32.0,9.0,0.0,0.0,1.1111113000000001,1.0470409999999999,0.8333339699999999,0.83665866,59.481480000000005,54.22221999999999,70.88889,53.33333199999999,-15.777778,34.22222,-18.444445,70.88889,0.24900064,-2.042422,3.0
191.0,119.0,9.0,0.0,0.0,1.1111107,1.2938615000000002,0.9444459000000001,0.772202,39.851852,36.22222,48.22222,35.11111,-10.888889,25.11111,-14.222222,48.22222,0.27171725,-2.0059998,3.0
41.0,75.0,9.0,0.0,0.11111111,15.388889,19.136257,26.611113,31.713590000000003,55.0,47.444443,65.44444,52.11111,-22.666666,31.333334000000004,-8.666667,65.44444,0.29780185,-2.3567543,2.0
140.0,73.0,9.0,0.0,0.0,1.7222214,0.8277598,0.7777774000000001,1.0036957,46.296295,45.666668,51.11111,42.11111,-1.8888888,14.444445000000002,-12.555555,51.11111,0.1761556,-1.6815889,3.0
60.0,181.0,9.0,0.11111111,0.0,1.6666666,1.2000005,2.6666667,2.0888875,19.62963,17.11111,17.88889,23.88889,-7.5555553,-5.222222299999999,12.777778,23.88889,0.28569087,2.1891353,6.0
20.0,134.0,9.0,0.0,0.0,0.6666667,0.088888995,0.61111116,0.24074072,2.9629629,1.1111111999999999,6.4444447,1.3333334,-5.5555553,10.444445000000002,-4.888889,6.4444447,0.8292328000000001,-2.133095,4.0
207.0,115.0,9.0,0.0,0.0,1.0555555,0.3296295,0.16666669,0.033333343,1.2222222,0.44444445,2.8888887999999997,0.33333334,-2.3333333,5.0,-2.6666667,2.8888887999999997,0.93333334,-2.0655363,4.0
11.0,108.0,9.0,0.0,0.0,1.3333335,0.8000002499999999,1.3888888000000001,0.95185167,17.666666,19.0,21.11111,12.888889,4.0,10.333333,-14.333332999999998,21.11111,0.38875645,-1.3021333000000002,0.0
105.0,139.0,9.0,0.0,0.0,0.27777782,0.107407436,0.83333325,0.52222216,6.111111,7.5555553,7.222222299999999,3.5555556000000004,4.3333335,3.3333333,-7.666666499999999,7.5555553,0.5326279,-0.96594584,0.0
118.0,126.0,9.0,0.0,0.0,0.6666667,0.39999974,1.8333336,2.1222223999999996,20.555555,16.11111,28.666665999999996,16.88889,-13.333332999999998,24.333334,-11.0,28.666665999999996,0.43707799999999997,-2.1588047,3.0
176.0,100.0,9.0,0.0,0.0,1.9444441000000003,0.7740748000000001,1.4444447,0.6518514,55.370369999999994,50.333332,66.88889,48.88889,-15.111111,34.555557,-19.444445,66.88889,0.26862052,-2.00619,3.0
196.0,129.0,9.0,0.0,0.0,0.83333325,0.43333334,0.6666667,0.17777773999999996,6.3333335,7.888889,7.333333500000001,3.7777777,4.6666665,3.0,-7.666666499999999,8.222222,0.54012346,-0.9327825999999999,0.0
93.0,29.0,9.0,0.0,0.0,1.2222239,1.2296363000000001,1.3888906,1.5740819,128.48148,119.0,142.77777,123.66666399999998,-28.444445,42.88889,-14.444445000000002,142.77777,0.16648434,-2.2977605,1.0
146.0,124.0,9.0,0.0,0.0,0.4999999,0.16666664,0.38888875,0.107407376,6.037037000000001,7.4444447,7.333333500000001,3.3333333,4.222222299999999,3.8888887999999997,-8.111110999999998,7.666666499999999,0.56349206,-1.0247301,0.0
189.0,144.0,9.0,0.0,0.0,0.0,0.0,0.0,0.0,0.0,0.0,0.0,0.0,0.0,0.0,0.0,0.0,0.0,0.0,4.0
167.0,189.0,9.0,0.0,0.0,3.7777773999999997,2.2377224,3.7777773999999997,1.544405,58.40740600000001,51.333332,72.44444,51.444443,-21.222220999999998,42.11111,-20.88889,72.44444,0.29552308,-2.1013257999999997,5.0
