4.780876494023904022e-01,4.267782426778241600e-01,0.000000000000000000e+00,0.000000000000000000e+00,0.000000000000000000e+00,6.753811764705883181e-02,2.669528639272428401e-03,6.583849528953444885e-02,1.103366718381175232e-03,1.412341949259239837e-01,1.461038949179878643e-01,1.686303411735615709e-01,1.075603996084052993e-01,8.786008189033681637e-01,2.851758686444157420e-01,3.008474396096669223e-01,1.686303411735615709e-01,3.965889499999999956e-01,1.751968246741695268e-01,0.000000000000000000e+00
3.147410358565737032e-01,3.514644351464434324e-01,0.000000000000000000e+00,0.000000000000000000e+00,0.000000000000000000e+00,4.793028627450981322e-02,1.758140016237449152e-03,2.111800117279495972e-02,3.980666352551759705e-04,1.492383253056026315e-01,1.558441594493168714e-01,1.767304802891717097e-01,1.137957930227344039e-01,8.888888856378598380e-01,2.876884401798566193e-01,2.860169461227017873e-01,1.767304802891717097e-01,3.904359299999999866e-01,1.785849276250704720e-01,0.000000000000000000e+00
8.764940239043826631e-02,3.096234309623431269e-01,0.000000000000000000e+00,0.000000000000000000e+00,0.000000000000000000e+00,5.664488235294116297e-02,1.835705250504192235e-03,3.975155529493445278e-02,6.946134222665150066e-04,1.252259271952262387e-01,1.379870199838715839e-01,1.450662802277888075e-01,9.197193711700896168e-02,9.444444420781892280e-01,2.424623108333753552e-01,3.050847425308819139e-01,1.450662802277888075e-01,3.997514799999999924e-01,2.120290127233905586e-01,0.000000000000000000e+00
3.984063745019920250e-03,1.380753138075313524e-01,0.000000000000000000e+00,0.000000000000000000e+00,0.000000000000000000e+00,8.496734117647058993e-02,4.169114500544854503e-03,5.341616165117008680e-02,1.103365997051782314e-03,1.306480753105523085e-01,1.266233804657193041e-01,1.671575753523006636e-01,9.586905624726245467e-02,8.148148069272973526e-01,3.291457291829751330e-01,2.923728719028296785e-01,1.671575753523006636e-01,4.576814200000000055e-01,1.440403919960501489e-01,0.000000000000000000e+00
9.960159362549798889e-02,2.343096234309622605e-01,0.000000000000000000e+00,1.000000000000000000e+00,0.000000000000000000e+00,3.921568627450980338e-02,1.551301718475020519e-03,5.465838741252251887e-02,2.297567345476096441e-03,1.394268052494749832e-01,1.428571376391465919e-01,1.715758529339038718e-01,1.021044356319739249e-01,8.683127517985059773e-01,3.090452134321106104e-01,2.711864145001438020e-01,1.715758529339038718e-01,4.369392000000000276e-01,1.682298250875033929e-01,0.000000000000000000e+00
8.764940239043826631e-02,1.841004184100418495e-01,0.000000000000000000e+00,0.000000000000000000e+00,0.000000000000000000e+00,8.714594509803923195e-02,6.412034525871367768e-03,3.975153964276151308e-02,5.663771635193141528e-04,1.634392033598514038e-01,1.582792146243570119e-01,2.061855581282359684e-01,1.231488620998016231e-01,7.942386727175729799e-01,3.693467267651071584e-01,2.457627113796322926e-01,2.061855581282359684e-01,4.350702200000000075e-01,1.408087231873483836e-01,0.000000000000000000e+00
2.350597609561753121e-01,1.715481171548116912e-01,0.000000000000000000e+00,0.000000000000000000e+00,0.000000000000000000e+00,2.832245490196078769e-02,1.040671634237143664e-03,1.739129482041646552e-02,5.343201311780780777e-04,7.782081341040476552e-01,7.378246693358385677e-01,8.564065253578310166e-01,7.342166380602761500e-01,3.024690869570165752e-01,7.060301592478722688e-01,1.843220001660804686e-01,8.564065253578310166e-01,2.183793499999999999e-01,5.583249622874376233e-02,1.666666666666666297e-01
3.625498007968128156e-01,1.882845188284518745e-01,0.000000000000000000e+00,0.000000000000000000e+00,0.000000000000000000e+00,1.742912745098039104e-02,5.170958491187729021e-05,1.863353846996655683e-02,4.087540679371105237e-04,8.783888730716925552e-01,8.465908738101388664e-01,9.322533289230240383e-01,8.519095291688375537e-01,3.312756807765566691e-01,6.067839058341332192e-01,3.220338779445563460e-01,9.322533289230240383e-01,1.760605299999999929e-01,3.783767725488534905e-02,1.666666666666666297e-01
5.657370517928286269e-01,5.439330543933053319e-02,0.000000000000000000e+00,0.000000000000000000e+00,0.000000000000000000e+00,5.010891372549018674e-02,1.583614835974536889e-03,1.987575662883498892e-02,8.228557113274393830e-04,8.897495783036275530e-01,8.595778956203090626e-01,9.388807220995526448e-01,8.667186323704243467e-01,3.395061255715571269e-01,5.854271099688145297e-01,3.495762611273700582e-01,9.388807220995526448e-01,1.693969200000000064e-01,3.367351936919143335e-02,1.666666666666666297e-01
6.533864541832667960e-01,3.682008368200836990e-01,0.000000000000000000e+00,0.000000000000000000e+00,0.000000000000000000e+00,3.485845333333332380e-02,8.273593341947698982e-04,1.739132165271294050e-02,3.419631715179916281e-04,6.511748381463930979e-01,5.771103849260520446e-01,7.820323948303945505e-01,5.837879630931265273e-01,9.259259653635133758e-02,9.434673383168985517e-01,0.000000000000000000e+00,7.820323948303945505e-01,3.304175699999999938e-01,5.989639245002614798e-02,1.666666666666666297e-01
7.968127490039840499e-02,3.305439330543932797e-01,0.000000000000000000e+00,0.000000000000000000e+00,0.000000000000000000e+00,2.614384078431372313e-02,7.756444368585912151e-05,1.739132165271294050e-02,4.060816363097596339e-04,7.911180105691094644e-01,7.735389263511449620e-01,8.519882411488346463e-01,7.435697351965786517e-01,4.711933719211992000e-01,6.206029757865973995e-01,1.546609941243538011e-01,8.519882411488346463e-01,1.796972300000000133e-01,8.027150858722625903e-02,1.666666666666666297e-01
2.788844621513944175e-02,1.171548117154811303e-01,0.000000000000000000e+00,1.000000000000000000e+00,0.000000000000000000e+00,5.446629803921568952e-02,1.971441705392913343e-03,4.099378776436100186e-02,5.049298536018717934e-04,7.903434249525459476e-01,7.491883380747699217e-01,8.748158993017973728e-01,7.404520735634583239e-01,2.921810680003047445e-01,7.412060250656550275e-01,1.355931977161736746e-01,8.748158993017973728e-01,2.229535900000000070e-01,6.167528642079554702e-02,1.666666666666666297e-01
2.310756972111553398e-01,3.682008368200836990e-01,0.000000000000000000e+00,0.000000000000000000e+00,0.000000000000000000e+00,3.050109215686274203e-02,1.447879428212812437e-03,2.236024571675492359e-02,2.564727050400439183e-04,1.420087875138276862e-02,8.116882969830494518e-04,3.681884928704823312e-02,3.117692849019708303e-03,7.860082242188686230e-01,2.286432069613143492e-01,4.915254094118071126e-01,3.681884928704823312e-02,9.861111000000000182e-01,7.064783435082866436e-02,3.333333333333332593e-01
9.123505976095616088e-01,4.728033472803346848e-01,0.000000000000000000e+00,0.000000000000000000e+00,0.000000000000000000e+00,1.089324705882352765e-02,1.874486995031731567e-04,6.211180235330420255e-03,1.095351883232352079e-04,4.647560407360508405e-03,0.000000000000000000e+00,1.325478635305753564e-02,0.000000000000000000e+00,8.559670734948937598e-01,1.545226123693214659e-01,5.444915090625900289e-01,1.325478635305753564e-02,1.000000000000000000e+00,8.090525126305141146e-02,3.333333333333332593e-01
6.772908366533864077e-02,3.305439330543932797e-01,0.000000000000000000e+00,0.000000000000000000e+00,0.000000000000000000e+00,4.139433333333333853e-02,6.528385867694804293e-04,1.490683211758806609e-02,1.602954550766153030e-04,1.962303174664700375e-02,4.058441850174985405e-03,4.565537595246408481e-02,7.014808822609232448e-03,7.674897049115986247e-01,2.474874312911922447e-01,4.788135387837548773e-01,4.565537595246408481e-02,9.261464000000000363e-01,6.794584735923286933e-02,3.333333333333332593e-01
1.394422310756971983e-01,5.606694560669457372e-01,0.000000000000000000e+00,0.000000000000000000e+00,0.000000000000000000e+00,1.089324705882352765e-02,3.425785746646924719e-04,2.857142729370016135e-02,1.488075703808302164e-03,5.938549448134760635e-03,2.435064964001096635e-03,9.572900960435193687e-03,5.455962573469599897e-03,8.641975256973019048e-01,1.293969852058659831e-01,5.783898138306163839e-01,9.572900960435193687e-03,2.518518599999999830e-01,0.000000000000000000e+00,3.333333333333332593e-01
2.111553784860557559e-01,3.347280334728033324e-01,0.000000000000000000e+00,0.000000000000000000e+00,0.000000000000000000e+00,5.664487450980392608e-02,2.688919162493865703e-03,1.863353846996655683e-02,1.843398523236761263e-04,2.272140488679798287e-02,4.058441850174985405e-03,5.301914541223015642e-02,8.573655071748865000e-03,7.427983464525219626e-01,2.701004959644329184e-01,4.661016815031601146e-01,5.301914541223015642e-02,9.448107500000000325e-01,6.379445847294366867e-02,3.333333333333332593e-01
1.992031872509960125e-02,2.928870292887028604e-01,0.000000000000000000e+00,0.000000000000000000e+00,5.000000000000000000e-01,1.612200392156862838e-01,1.525445011521887884e-02,1.279503200030857046e-01,2.056323274443040000e-02,8.701265800194137034e-02,5.600649183436288286e-02,1.251841006982024884e-01,7.638347462561261014e-02,6.255143784941308294e-01,3.266331463410020453e-01,4.915254094118071126e-01,1.251841006982024884e-01,6.281558000000000419e-01,2.638851795264790523e-02,3.333333333333332593e-01
6.454183266932270735e-01,2.384937238493723410e-01,0.000000000000000000e+00,0.000000000000000000e+00,0.000000000000000000e+00,7.189545098039215598e-02,3.858854959647215529e-03,3.478261423710471423e-02,6.946134222665150066e-04,3.958172237278768102e-01,3.798701267867684028e-01,4.521354753156445194e-01,3.515198565387416818e-01,6.275720082114002452e-01,4.974874115047606127e-01,2.012711737153476677e-01,4.521354753156445194e-01,2.650527699999999931e-01,1.013073694788185625e-01,5.000000000000000000e-01
5.577689243027887933e-01,2.510460251046025409e-02,0.000000000000000000e+00,1.000000000000000000e+00,1.000000000000000000e+00,1.459695137254901909e-01,7.764974963193485916e-03,1.118012352918487384e-01,1.672765747125574834e-03,3.108701459603453454e-01,2.946428742317949157e-01,3.578792315325535767e-01,2.766952267593070225e-01,6.563785835124209544e-01,4.283919373705846745e-01,2.881355689816146870e-01,3.578792315325535767e-01,2.681859400000000115e-01,9.283049594367442925e-02,5.000000000000000000e-01
5.179282868525895284e-02,5.648535564853556235e-01,0.000000000000000000e+00,1.000000000000000000e+00,0.000000000000000000e+00,3.485839215686274695e-02,8.273591247693702416e-04,2.484472094132168102e-02,5.343180393228390279e-04,7.384456309355734438e-02,5.844155796719513463e-02,1.038291619747484518e-01,5.689790001877162440e-02,7.489711856043282934e-01,2.814070283010531859e-01,4.406779459673945687e-01,1.038291619747484518e-01,4.878642599999999940e-01,7.821512517075762672e-02,5.000000000000000000e-01
2.589641434262948128e-01,6.234309623430962510e-01,0.000000000000000000e+00,0.000000000000000000e+00,0.000000000000000000e+00,1.176470862745098017e-01,7.058416073818263650e-03,6.211180235330421295e-02,3.099043863463310728e-04,1.593080359196912821e-01,1.331168731078175849e-01,2.091310698885782415e-01,1.317225297982063670e-01,6.358024530064008140e-01,4.045225925828898617e-01,3.495762611273700582e-01,2.091310698885782415e-01,4.260139000000000009e-01,7.268961403503181040e-02,5.000000000000000000e-01
9.641434262948207490e-01,4.560669456066944738e-01,0.000000000000000000e+00,0.000000000000000000e+00,0.000000000000000000e+00,1.742919490196078447e-01,7.608684801510098850e-03,3.478258740480823230e-02,1.322801755888861020e-03,3.335915424815350527e-01,3.271104031890388342e-01,3.733431401079296275e-01,2.977396532271346374e-01,7.222222159465018221e-01,3.969849232026969044e-01,2.733050945624460049e-01,3.733431401079296275e-01,2.453212999999999921e-01,1.149423813264670441e-01,5.000000000000000000e-01
7.569721115537848544e-01,3.765690376569036935e-01,0.000000000000000000e+00,0.000000000000000000e+00,0.000000000000000000e+00,4.357301960784313449e-02,1.360154269730141138e-03,2.484472317734638322e-02,8.557433544644373578e-04,3.139685093406200389e-01,2.849025950900763160e-01,3.784977807179839560e-01,2.735775440817600490e-01,5.576131718983388108e-01,5.188441847570146592e-01,2.372881436727950488e-01,3.784977807179839560e-01,3.227329899999999974e-01,8.092239396907374704e-02,5.000000000000000000e-01
7.290836653386455479e-01,5.606694560669457372e-01,0.000000000000000000e+00,0.000000000000000000e+00,0.000000000000000000e+00,2.832244196078432391e-02,1.067399201809993972e-03,4.968943741059392641e-03,1.963209748449358310e-04,3.872967122322761892e-03,2.435064964001096635e-03,8.100147068481980753e-03,7.794231947179050025e-04,8.806584319539701999e-01,1.319095476960808755e-01,5.572033720635235499e-01,8.100147068481980753e-03,5.277777999999999636e-01,1.130504381592262741e-01,6.666666666666665186e-01
7.370517928286850484e-01,4.184100418410038880e-03,0.000000000000000000e+00,0.000000000000000000e+00,0.000000000000000000e+00,1.742918941176471032e-02,4.749863698969138755e-04,5.217390905752116587e-02,1.418410504517974647e-03,4.363542427995117240e-02,2.840909002914699527e-02,7.511045379152832269e-02,2.494154279215766642e-02,7.613168657597924049e-01,2.814070283010531859e-01,4.279660886867999725e-01,7.511045379152832269e-02,6.873015999999999570e-01,8.765432535770022182e-02,6.666666666666665186e-01
3.545816733067728710e-01,5.146443514644351014e-01,0.000000000000000000e+00,0.000000000000000000e+00,0.000000000000000000e+00,1.525054392156862879e-02,3.231875104276396836e-05,2.111800922248388904e-02,1.095355273480498045e-04,1.471727450711927260e-02,7.305194745899391828e-03,3.092783703293197975e-02,4.676539448899782320e-03,8.312757150358175418e-01,1.959798957191738189e-01,4.999999809322034916e-01,3.092783703293197975e-02,8.814814699999999892e-01,9.596334863506721102e-02,6.666666666666665186e-01
7.490039840637450208e-01,5.564853556485356290e-01,0.000000000000000000e+00,0.000000000000000000e+00,0.000000000000000000e+00,0.000000000000000000e+00,0.000000000000000000e+00,0.000000000000000000e+00,0.000000000000000000e+00,0.000000000000000000e+00,0.000000000000000000e+00,0.000000000000000000e+00,0.000000000000000000e+00,8.930041121094342005e-01,1.092964830228402850e-01,5.826271018789500600e-01,0.000000000000000000e+00,0.000000000000000000e+00,4.690522913506116054e-01,6.666666666666665186e-01
9.083665338645415810e-01,3.891213389121337962e-01,0.000000000000000000e+00,0.000000000000000000e+00,0.000000000000000000e+00,1.960783725490196014e-02,9.558914157226815938e-04,6.335403258670603555e-02,1.472407924467002095e-03,1.378776270450078334e-01,1.193181857198199192e-01,1.730485922455921033e-01,1.184723345760768237e-01,7.016460854404813485e-01,3.241205974186259220e-01,4.173728599854569232e-01,1.730485922455921033e-01,3.755323300000000253e-01,7.048204121777412734e-02,6.666666666666665186e-01
6.215139442231075728e-01,3.096234309623431269e-01,0.000000000000000000e+00,0.000000000000000000e+00,0.000000000000000000e+00,4.793028627450981322e-02,2.166271376225051542e-03,4.968946200686569920e-03,1.241643326851948621e-04,1.319390699283987389e-01,1.063311639096496536e-01,1.782032461104326448e-01,1.075603996084052993e-01,6.502057499161707499e-01,3.793969902938055250e-01,3.771186252423873730e-01,1.782032461104326448e-01,4.590244600000000230e-01,6.857782943281798271e-02,6.666666666666665186e-01
1.195219123505976075e-02,7.949790794979078035e-01,0.000000000000000000e+00,0.000000000000000000e+00,1.000000000000000000e+00,1.067538039215686213e-01,2.929941270137125051e-03,1.167701606975054957e-01,2.253847210316280245e-03,3.743868009105127403e-01,3.441558332454883185e-01,4.455080821391156354e-01,3.281371838460737655e-01,5.267489298430099165e-01,5.678391996729877933e-01,1.864406420927898211e-01,4.455080821391156354e-01,3.088593800000000167e-01,8.445772033255966038e-02,8.333333333333331483e-01
9.083665338645415810e-01,7.698744769874477090e-01,0.000000000000000000e+00,0.000000000000000000e+00,0.000000000000000000e+00,1.633986666666666365e-01,3.975444173820287877e-03,9.192545764438149469e-02,1.621284612630246626e-03,3.325587593356703620e-01,3.100649219962262615e-01,3.902798277593533260e-01,2.930631397330276111e-01,6.008230255906102935e-01,4.886934733166458100e-01,2.436440313173300898e-01,3.902798277593533260e-01,2.902781400000000178e-01,8.863162639486721339e-02,8.333333333333331483e-01
4.900398406374502080e-01,7.531380753138074979e-01,0.000000000000000000e+00,0.000000000000000000e+00,0.000000000000000000e+00,1.372549294117647034e-01,4.779460394515567048e-03,7.329192588248907569e-02,2.019818092268416479e-03,4.164730260719760602e-01,3.863636413444508921e-01,4.955817489279695232e-01,3.616523760981332214e-01,5.123456699702785277e-01,6.193467069786753321e-01,1.144067784490807732e-01,4.955817489279695232e-01,3.136109400000000047e-01,9.182380211542470749e-02,8.333333333333331483e-01
5.298804780876493759e-01,7.364016736401676200e-01,0.000000000000000000e+00,0.000000000000000000e+00,0.000000000000000000e+00,7.407406666666667416e-02,2.644612950447856013e-03,4.720497247174083866e-02,1.287362554290856715e-03,4.138910507789637094e-01,3.847402663576276471e-01,4.911634978559388798e-01,3.600935102075288885e-01,5.205761332837981481e-01,6.092964434499770210e-01,1.228813652237143311e-01,4.911634978559388798e-01,3.074577700000000191e-01,9.219445521860947235e-02,8.333333333333331483e-01
3.426294820717131762e-01,7.740585774058578172e-01,0.000000000000000000e+00,1.000000000000000000e+00,0.000000000000000000e+00,5.228753333333331643e-02,1.516986494155984477e-03,4.968943293854452548e-02,1.203817174160365638e-03,4.293829304223991117e-01,4.017857110244665297e-01,5.014727724486540694e-01,3.795790918291787608e-01,5.267489298430099165e-01,5.866833787767364861e-01,1.546609941243538011e-01,5.014727724486540694e-01,2.875262199999999990e-01,8.936705774955121251e-02,8.333333333333331483e-01
8.486055776892430513e-01,6.276150627615062483e-01,0.000000000000000000e+00,0.000000000000000000e+00,0.000000000000000000e+00,1.459695019607843147e-01,1.273365015905858922e-03,2.571428411712521345e-01,1.364916356086274402e-02,2.819519738792246599e-01,2.581169005022979079e-01,3.291605366041197578e-01,2.548714059276256383e-01,6.090534889041300248e-01,4.221105367983136181e-01,3.474576192006608166e-01,3.291605366041197578e-01,2.980561299999999747e-01,6.153050931869158413e-02,8.333333333333331483e-01
9.203187250996015534e-01,6.861924686192467648e-01,0.000000000000000000e+00,0.000000000000000000e+00,0.000000000000000000e+00,4.575164313725490345e-02,1.088330642216949525e-03,6.335403258670603555e-02,1.563805479968249533e-03,1.071520792301186437e-01,9.090909422963394659e-02,8.983799271106046591e-02,1.410755918604648107e-01,7.304526607415020578e-01,4.773869296734931794e-02,8.538135354468905369e-01,1.332842331864194929e-01,3.874123400000000217e-01,8.845907069594514116e-01,1.000000000000000000e+00
2.031872509960159223e-01,6.652719665271966676e-01,0.000000000000000000e+00,0.000000000000000000e+00,0.000000000000000000e+00,2.178649568627450892e-02,7.948044699757276892e-04,2.111800922248388904e-02,2.810895276533164309e-04,1.773818838847988633e-01,1.469155751062047321e-01,1.678939648903242376e-01,2.166796580926060867e-01,5.967078031931100091e-01,1.055276388352566347e-01,8.940677892577564290e-01,2.047128188165476814e-01,3.491116799999999798e-01,9.516450780075593752e-01,1.000000000000000000e+00
2.828685258964143134e-01,7.531380753138074979e-01,0.000000000000000000e+00,1.000000000000000000e+00,0.000000000000000000e+00,5.010892941176470911e-02,8.855334867723430080e-04,6.956521953011057802e-02,3.323457804971574787e-03,1.058610915836124544e-01,8.847402444420435219e-02,9.867452136469423429e-02,1.301636709224108512e-01,7.222222159465018221e-01,9.924623193132746379e-02,7.754237078874606226e-01,1.229749585937042478e-01,3.503698000000000090e-01,9.407693375886041487e-01,1.000000000000000000e+00
2.430278884462151456e-01,8.870292887029288531e-01,0.000000000000000000e+00,0.000000000000000000e+00,0.000000000000000000e+00,9.803921568627449457e-02,9.986490316518567209e-03,3.726707693993311366e-02,1.763249450419135519e-03,4.647560058793494264e-02,3.571428623608533665e-02,3.092783703293197975e-02,7.326578493325690278e-02,7.942386727175729799e-01,4.145728900311853454e-02,7.987287881490593433e-01,6.921944352563001723e-02,5.931497999999999493e-01,8.483393323229208027e-01,1.000000000000000000e+00
3.505976095617530097e-01,8.786610878661087476e-01,0.000000000000000000e+00,0.000000000000000000e+00,0.000000000000000000e+00,5.446622745098039092e-02,2.591961834315189683e-03,3.229813588210334735e-02,1.143441399055866508e-03,9.811515873323495285e-02,7.792207972465843568e-02,8.247422987868754940e-02,1.340607830378555132e-01,7.037036966392313797e-01,5.402010145419305215e-02,8.707626899283612554e-01,1.266568400098907199e-01,4.460115399999999841e-01,8.984931820863578666e-01,1.000000000000000000e+00
8.247011952191233286e-01,9.581589958158995834e-01,0.000000000000000000e+00,1.000000000000000000e+00,0.000000000000000000e+00,4.139434117647058237e-02,1.506053545886152289e-03,5.465838070444840185e-02,3.611989850606911641e-03,9.863156076317773635e-02,7.954545471148169455e-02,8.615611129487399378e-02,1.301636709224108512e-01,7.119341414342318375e-01,7.035176103254962843e-02,8.347457390387104104e-01,1.229749585937042478e-01,4.216209699999999838e-01,9.124437123880921874e-01,1.000000000000000000e+00
