6.772908366533864077e-02,5.313807531380753124e-01,0.000000000000000000e+00,0.000000000000000000e+00,0.000000000000000000e+00,3.485838588235293939e-02,9.824894187816888159e-04,1.863353735195420399e-02,2.163987168415698516e-04,4.002065886973381337e-02,5.357142935412800844e-02,4.344624246357701308e-02,2.338269584153715441e-02,9.814814806927295576e-01,1.369346726765106881e-01,4.449152374479318217e-01,4.860088439910982550e-02,5.438711999999999991e-01,3.092808442084035159e-01,0.000000000000000000e+00
8.366533864541833565e-02,4.393305439330543738e-01,0.000000000000000000e+00,0.000000000000000000e+00,0.000000000000000000e+00,1.525053921568627485e-02,1.874486645989398715e-04,7.453413822769326506e-03,9.617725717672252880e-05,3.924606349329398669e-02,4.951298604291408390e-02,4.639175223570136952e-02,2.182385029387839959e-02,9.567901222336530065e-01,1.557788924837756883e-01,4.385593116678038750e-01,4.860088439910982550e-02,5.753968400000000205e-01,2.652628229803960513e-01,0.000000000000000000e+00
4.741035856573704854e-01,5.230125523012552069e-01,0.000000000000000000e+00,0.000000000000000000e+00,0.000000000000000000e+00,2.396514352941175874e-02,7.304037163235231958e-04,2.236024929439444850e-02,3.205908091671155736e-04,4.363542427995117240e-02,5.681818078881344797e-02,4.786450679039391809e-02,2.650038833981641778e-02,9.773662508878215860e-01,1.419597976569405007e-01,4.406779459673945687e-01,5.301914541223015642e-02,5.295414299999999796e-01,2.976981460061507989e-01,0.000000000000000000e+00
1.314741035856573648e-01,5.271966527196653152e-01,0.000000000000000000e+00,0.000000000000000000e+00,0.000000000000000000e+00,1.960785098039215593e-02,2.908687209902191951e-04,2.484471646927226274e-02,3.419636403820967754e-04,4.079525145763753663e-02,5.681818078881344797e-02,4.270986883129698070e-02,2.338269584153715441e-02,1.000000000000000000e+00,1.293969852058659831e-01,4.385593116678038750e-01,5.154639085753762173e-02,5.736331300000000466e-01,3.311189948614322587e-01,0.000000000000000000e+00
3.984063745019920944e-02,4.058577405857740072e-01,0.000000000000000000e+00,0.000000000000000000e+00,0.000000000000000000e+00,5.228758823529412042e-02,1.396169766511622026e-03,3.105589670460268126e-02,6.865985871176918812e-04,1.231603399894760781e-01,1.387987001720884517e-01,1.399116263629482382e-01,9.041309227083109412e-02,9.670781893385151928e-01,2.261306467324059044e-01,3.093220263843005635e-01,1.399116263629482382e-01,3.887564499999999756e-01,2.277324171480508974e-01,0.000000000000000000e+00
5.179282868525895284e-02,4.142259414225940573e-01,0.000000000000000000e+00,0.000000000000000000e+00,0.000000000000000000e+00,6.753813333333331947e-02,9.340111909952661731e-03,5.962732623432756562e-02,7.373594237212921423e-04,1.249677296659250231e-01,1.379870199838715839e-01,1.421207684674465066e-01,9.431021140108455936e-02,9.465020551287911532e-01,2.286432069613143492e-01,3.262711617979748846e-01,1.421207684674465066e-01,3.688483200000000073e-01,2.197703622405750568e-01,0.000000000000000000e+00
4.223107569721116228e-01,4.184100418410040961e-02,0.000000000000000000e+00,0.000000000000000000e+00,0.000000000000000000e+00,2.614359058823529161e-02,9.012235155404115091e-04,2.608695341074824051e-02,2.944814983338733274e-04,8.838110421010394457e-01,8.457792301478957997e-01,9.403534614112412093e-01,8.604831968672423947e-01,2.818929749695155973e-01,6.218592672075838879e-01,3.474576192006608166e-01,9.403534614112412093e-01,1.840218899999999935e-01,2.975945966487142380e-02,1.666666666666666297e-01
4.063745019920318446e-01,2.217573221757321578e-01,0.000000000000000000e+00,0.000000000000000000e+00,0.000000000000000000e+00,2.614379215686274752e-02,1.220261418745388019e-03,2.981360609853377433e-02,6.628555107978681502e-04,7.583269173765119220e-01,7.037337800021608025e-01,8.365242795543129661e-01,7.279812867348001149e-01,2.016460826627034242e-01,7.010049935639259822e-01,2.966101557562482727e-01,8.365242795543129661e-01,2.367968000000000017e-01,3.252625535155900804e-02,1.666666666666666297e-01
4.940239043824700138e-01,1.464435146443514302e-01,0.000000000000000000e+00,1.000000000000000000e+00,0.000000000000000000e+00,2.396507607843136392e-02,1.067399097097294306e-03,4.844723177346385579e-02,5.638885771142958248e-04,8.683191903429650083e-01,8.238636459101975618e-01,9.344624378905561635e-01,8.409976082307837331e-01,2.386831212772440036e-01,6.670853965540649577e-01,3.156779521644283992e-01,9.344624378905561635e-01,2.001237600000000116e-01,3.211010457995843587e-02,1.666666666666666297e-01
6.015936254980080999e-01,2.928870292887028604e-02,0.000000000000000000e+00,0.000000000000000000e+00,0.000000000000000000e+00,3.050107450980391738e-02,7.948076113567205869e-04,1.242239736506848234e-02,1.963201813826037515e-04,7.815647298703245482e-01,7.102272507286747638e-01,8.645065915721161787e-01,7.622758733507131179e-01,6.584355836000332918e-02,7.311557615369567165e-01,3.855932120170209587e-01,8.645065915721161787e-01,2.546684000000000170e-01,1.407931372243598385e-02,1.666666666666666297e-01
4.900398406374502080e-01,7.531380753138074147e-02,0.000000000000000000e+00,0.000000000000000000e+00,0.000000000000000000e+00,3.921573725490196116e-02,1.241033276997900855e-03,2.360243480730218196e-02,6.545462939105661229e-04,8.954298960628938042e-01,8.709415351384613979e-01,9.469808545877695938e-01,8.643803159974957628e-01,3.806584236206365102e-01,5.992462025343433529e-01,2.838982851281960929e-01,9.469808545877695938e-01,1.656161399999999950e-01,4.815197088579181717e-02,1.666666666666666297e-01
2.390438247011952150e-02,2.928870292887028604e-02,0.000000000000000000e+00,0.000000000000000000e+00,0.000000000000000000e+00,5.010896470588235840e-02,1.273352677259403020e-03,2.111803024111612997e-02,2.698342788999899544e-04,9.664342514774360016e-01,9.740260148212172009e-01,9.779087115028811672e-01,9.469991910522463918e-01,5.987654143918601513e-01,4.120603071892121605e-01,3.749999833156780760e-01,9.779087115028811672e-01,9.635223399999999494e-02,5.862597893886056094e-02,1.666666666666666297e-01
2.669322709163346463e-01,3.849372384937237990e-01,0.000000000000000000e+00,0.000000000000000000e+00,0.000000000000000000e+00,2.614379411764706021e-02,1.008344450331625283e-03,2.484471646927226274e-02,6.946137612913295218e-04,1.497547064215245909e-02,8.116882969830494518e-04,3.755522689576416134e-02,4.676539448899782320e-03,7.798353850670625143e-01,2.286432069613143492e-01,4.978813351919351149e-01,3.755522689576416134e-02,9.876542999999999850e-01,6.402745101360562963e-02,3.333333333333332593e-01
9.163346613545816366e-01,4.728033472803346848e-01,0.000000000000000000e+00,0.000000000000000000e+00,0.000000000000000000e+00,1.350762627450980136e-01,2.611354102748289843e-02,4.099378776436100186e-02,4.640553845363713445e-03,2.091402078742124818e-02,1.055194764162379999e-02,3.902798277593533260e-02,1.169134757002813704e-02,8.065843584285932177e-01,2.072864337090603304e-01,5.063559162462296648e-01,3.902798277593533260e-02,8.953689999999998594e-01,7.635700409918243226e-02,3.333333333333332593e-01
5.537848605577688765e-01,4.769874476987446821e-01,0.000000000000000000e+00,0.000000000000000000e+00,0.000000000000000000e+00,2.614378705882352411e-02,3.878248973291979719e-04,5.962732623432756562e-02,2.725022382851057402e-03,2.736896599129251886e-02,1.136363659607437550e-02,5.154639085753762173e-02,1.714731014349773000e-02,7.613168657597924049e-01,2.399497392979345889e-01,4.978813351919351149e-01,5.154639085753762173e-02,8.531986499999999474e-01,5.498814845968901660e-02,3.333333333333332593e-01
3.705179282868525381e-01,5.564853556485356290e-01,0.000000000000000000e+00,0.000000000000000000e+00,0.000000000000000000e+00,1.742919294117646969e-02,2.068398579816557226e-04,1.118012285837746006e-02,1.202215895041379819e-04,8.004131773946763714e-03,0.000000000000000000e+00,2.282768731349273106e-02,0.000000000000000000e+00,8.292181019852155055e-01,1.871859292647281292e-01,5.169491373204539997e-01,2.282768731349273106e-02,1.000000000000000000e+00,8.090525126305141146e-02,3.333333333333332593e-01
1.752988047808765049e-01,3.263598326359832269e-01,0.000000000000000000e+00,0.000000000000000000e+00,0.000000000000000000e+00,3.050108627450980742e-02,5.946649926596398817e-04,1.739130219929799909e-02,3.419634961162182894e-04,1.600826354789352743e-02,8.116882969830494518e-04,4.270986883129698070e-02,2.338269654301803301e-03,7.716049347165061523e-01,2.500000028266329832e-01,4.703389653565787087e-01,4.270986883129698070e-02,9.861111000000000182e-01,7.543635738883708308e-02,3.333333333333332593e-01
2.709163346613545631e-01,5.355648535564851986e-01,0.000000000000000000e+00,0.000000000000000000e+00,0.000000000000000000e+00,1.111110901960784131e-01,3.094711938853368302e-03,4.720496799969142732e-02,1.203817318426244178e-03,1.260005197831299828e-01,1.168831159343902693e-01,1.494845312998193121e-01,1.098986738924809248e-01,7.777777683127566899e-01,2.613065351632533617e-01,4.449152374479318217e-01,1.583210665808463258e-01,3.866118199999999949e-01,1.534720493923429907e-01,3.333333333333332593e-01
5.139442231075697087e-01,8.786610878661087198e-02,0.000000000000000000e+00,0.000000000000000000e+00,0.000000000000000000e+00,4.357299215686272903e-02,1.827308164588817545e-03,1.863355345133208343e-02,6.035064831643161378e-04,4.146656363955271152e-01,3.961038766550009638e-01,4.698085458776983803e-01,3.741231278527472615e-01,6.008230255906102935e-01,4.962311200837741243e-01,2.309321797570743628e-01,4.698085458776983803e-01,2.490006399999999953e-01,9.053726519427070241e-02,5.000000000000000000e-01
8.247011952191233286e-01,2.259414225941422383e-01,0.000000000000000000e+00,0.000000000000000000e+00,0.000000000000000000e+00,5.446617254901960775e-02,2.158442705748238495e-03,5.913043235214705540e-01,1.842093277700563442e-02,3.953008216979341238e-01,3.847402663576276471e-01,4.270986419212176588e-01,3.717848675982893258e-01,6.687242692234408592e-01,3.718592756874832261e-01,3.707626994622594818e-01,4.270986419212176588e-01,1.971303799999999939e-01,1.038085736844192031e-01,5.000000000000000000e-01
6.693227091633465742e-01,3.807531380753138017e-01,0.000000000000000000e+00,0.000000000000000000e+00,0.000000000000000000e+00,3.921568627450980338e-02,6.205184709711963117e-04,1.987578435554134340e-02,2.137266530922092664e-04,4.058869064566044127e-01,3.904220642011195785e-01,4.617084133894814868e-01,3.616523760981332214e-01,6.275720082114002452e-01,4.974874115047606127e-01,2.012711737153476677e-01,4.617084133894814868e-01,2.597599600000000120e-01,1.010708001357109725e-01,5.000000000000000000e-01
1.633466135458166990e-01,1.924686192468619272e-01,0.000000000000000000e+00,0.000000000000000000e+00,0.000000000000000000e+00,5.446629803921568952e-02,1.702676561318709801e-03,2.236021910806092541e-02,2.633922519990201092e-04,4.580428840601977747e-01,4.342532326765159434e-01,5.265095395691491431e-01,4.084177425278957552e-01,5.452674491502802478e-01,5.753768464401161076e-01,1.546609941243538011e-01,5.265095395691491431e-01,2.667761399999999949e-01,9.270914411769176633e-02,5.000000000000000000e-01
1.434262948207171151e-01,2.803347280334727576e-01,0.000000000000000000e+00,0.000000000000000000e+00,0.000000000000000000e+00,3.921570980392156264e-02,3.102591045947234111e-04,5.714287471162267373e-02,2.073153187569012727e-03,3.054479908736790761e-01,3.003246647700919536e-01,3.438880755236518594e-01,2.696804179366977250e-01,7.427983464525219626e-01,3.831658080241033826e-01,2.754237364891552464e-01,3.438880755236518594e-01,2.589164400000000255e-01,1.195130159377684187e-01,5.000000000000000000e-01
5.976095617529879611e-01,3.263598326359832269e-01,0.000000000000000000e+00,0.000000000000000000e+00,0.000000000000000000e+00,3.289760392156863555e-01,7.988387012553657338e-03,1.614906302179732606e-02,2.810893545342620743e-04,2.210173011934097875e-01,1.996753279247132362e-01,2.717231202376795274e-01,1.878410003790802474e-01,6.502057499161707499e-01,4.246231196402866503e-01,3.008474396096669223e-01,2.717231202376795274e-01,3.512725199999999770e-01,8.977381246498604417e-02,5.000000000000000000e-01
2.270916334661353952e-01,4.267782426778241600e-01,0.000000000000000000e+00,0.000000000000000000e+00,0.000000000000000000e+00,1.350762627450980136e-01,2.134798403619987944e-03,1.614906905906403345e-02,2.810889505898022159e-04,1.453653553947437949e-01,1.233766304920728002e-01,1.885125207031478622e-01,1.208106018453436736e-01,6.728394916209412546e-01,3.668341778427309241e-01,3.749999833156780760e-01,1.885125207031478622e-01,4.148071999999999870e-01,7.510501204724522040e-02,6.666666666666665186e-01
1.000000000000000000e+00,5.271966527196653152e-01,0.000000000000000000e+00,0.000000000000000000e+00,0.000000000000000000e+00,3.485838588235293939e-02,9.499728096022943755e-04,1.366459517611210046e-02,5.138211977357180164e-04,5.163955465962989134e-03,2.435064964001096635e-03,1.178203246110432791e-02,7.794231947179050025e-04,8.703703667009600187e-01,1.444723624084618407e-01,5.466101548028584611e-01,1.178203246110432791e-02,7.500000000000000000e-01,9.698953881654431841e-02,6.666666666666665186e-01
5.617529880478087101e-01,4.184100418410041100e-01,0.000000000000000000e+00,0.000000000000000000e+00,0.000000000000000000e+00,4.357299215686272903e-02,7.948040685770451676e-04,1.242235465699660299e-02,2.483284056918082434e-04,2.003614779352898001e-01,1.793831113686435441e-01,2.378497846991916020e-01,1.808261915564710054e-01,6.604938244284406235e-01,3.517587938562157235e-01,4.131355761320383291e-01,2.378497846991916020e-01,3.154837200000000230e-01,6.083957486904506551e-02,6.666666666666665186e-01
7.490039840637450208e-01,5.439330543933055262e-01,0.000000000000000000e+00,0.000000000000000000e+00,0.000000000000000000e+00,0.000000000000000000e+00,0.000000000000000000e+00,0.000000000000000000e+00,0.000000000000000000e+00,0.000000000000000000e+00,0.000000000000000000e+00,0.000000000000000000e+00,0.000000000000000000e+00,8.930041121094342005e-01,1.092964830228402850e-01,5.826271018789500600e-01,0.000000000000000000e+00,0.000000000000000000e+00,4.690522913506116054e-01,6.666666666666665186e-01
9.641434262948207490e-01,3.472803347280333797e-01,0.000000000000000000e+00,0.000000000000000000e+00,0.000000000000000000e+00,2.614378823529411519e-02,5.429547550386006581e-04,4.968943517456925370e-03,2.137272373690173610e-05,8.262329303248003645e-03,1.623376593966098904e-03,2.135493408427883294e-02,7.794231947179050025e-04,8.395061690900773588e-01,1.783919571570163065e-01,5.211864230806523279e-01,2.135493408427883294e-02,9.777778000000000302e-01,8.519622810799998280e-02,6.666666666666665186e-01
6.015936254980080999e-01,6.025104602510461538e-01,0.000000000000000000e+00,0.000000000000000000e+00,0.000000000000000000e+00,1.960784313725490169e-02,1.066518114249932671e-03,2.409937788202621001e-01,9.507654458984199364e-02,5.086496207172617329e-02,3.896103986232921784e-02,7.290132494181646161e-02,3.897115833293348514e-02,7.839506074645629097e-01,2.349246188401177549e-01,4.830508302642920193e-01,7.290132494181646161e-02,5.000000000000000000e-01,7.698155457804861657e-02,6.666666666666665186e-01
5.418326693227091262e-01,7.154811715481171897e-01,0.000000000000000000e+00,0.000000000000000000e+00,0.000000000000000000e+00,7.189542745098038978e-02,6.728760075979535460e-03,8.074532740712249412e-02,6.649590876395015948e-03,2.434805141279787477e-01,2.297077944017224538e-01,2.842415369348929577e-01,2.135619613854415899e-01,6.995884557232119327e-01,3.793969902938055250e-01,3.262711617979748846e-01,2.842415369348929577e-01,2.857561699999999760e-01,9.819076992600045406e-02,8.333333333333331483e-01
7.051792828685260472e-01,7.280334728033472924e-01,0.000000000000000000e+00,0.000000000000000000e+00,0.000000000000000000e+00,1.023965450980392072e-01,3.152493802753385602e-03,6.956521953011057802e-02,1.642539737314917822e-03,3.418538703905149578e-01,3.214285688195732682e-01,4.020618615459361500e-01,2.977396532271346374e-01,6.131687113016301982e-01,5.037688459966288557e-01,2.055084385009699477e-01,4.020618615459361500e-01,3.000361599999999962e-01,9.725275811777096824e-02,8.333333333333331483e-01
9.920318725099600554e-01,6.903765690376567621e-01,0.000000000000000000e+00,0.000000000000000000e+00,5.000000000000000000e-01,6.318086274509804312e-02,1.854880589127610134e-03,7.701861881871933935e-02,1.222876355774660294e-03,3.741286033812116218e-01,3.441558332454883185e-01,4.484536270364239408e-01,3.242400366565849623e-01,5.288065780787987169e-01,5.841708411608926843e-01,1.567796360510631815e-01,4.484536270364239408e-01,3.181372000000000089e-01,8.871433763484291857e-02,8.333333333333331483e-01
1.195219123505976075e-02,7.447698744769875034e-01,0.000000000000000000e+00,0.000000000000000000e+00,0.000000000000000000e+00,8.061005882352938190e-02,6.780470523025973473e-03,2.621117576328100274e-01,8.266170834459807271e-02,1.843532241472726485e-01,1.712662364345272914e-01,2.187039748254493432e-01,1.605611875117322618e-01,7.263374383440018844e-01,3.316582781053511453e-01,3.792372671690967256e-01,2.187039748254493432e-01,2.714725700000000241e-01,7.968089139995666870e-02,8.333333333333331483e-01
3.386454183266932039e-01,7.782426778242675924e-01,0.000000000000000000e+00,1.000000000000000000e+00,5.000000000000000000e-01,6.318086274509804312e-02,2.533507540361510692e-03,2.857144518189781365e-02,7.962500537390396682e-04,4.407436077689730891e-01,4.107142661467996780e-01,5.154639284575558422e-01,3.904910338116591717e-01,5.041152066567586854e-01,6.030150767973030401e-01,1.504237293387316599e-01,5.154639284575558422e-01,2.853326199999999813e-01,8.579327612660986313e-02,8.333333333333331483e-01
8.007968127490038279e-01,7.615062761506276034e-01,0.000000000000000000e+00,0.000000000000000000e+00,0.000000000000000000e+00,4.357301960784313449e-02,1.309445399656961398e-03,7.577637516916925498e-02,1.795559092313716090e-03,2.907307177608278170e-01,2.767857201559600355e-01,3.357879297806484753e-01,2.564302437589947581e-01,6.810699364159416014e-01,4.133165873036664384e-01,2.881355689816146870e-01,3.357879297806484753e-01,2.783866500000000133e-01,9.969693734344658997e-02,8.333333333333331483e-01
9.243027888446213591e-01,8.368200836820083310e-01,0.000000000000000000e+00,1.000000000000000000e+00,0.000000000000000000e+00,1.045751647058823647e-01,1.062640114318344833e-02,3.726707693993311366e-02,1.250304256737865818e-03,1.076684812600613717e-01,9.090909422963394659e-02,1.008836502144061092e-01,1.309431073751174679e-01,7.263374383440018844e-01,1.017587944215423562e-01,7.669491401806234343e-01,1.237113481317279190e-01,3.354214699999999993e-01,9.425550515764720139e-01,1.000000000000000000e+00
9.243027888446213591e-01,7.238493723849371841e-01,0.000000000000000000e+00,0.000000000000000000e+00,0.000000000000000000e+00,1.960785098039215593e-02,1.357386643266868893e-04,1.739130152849058600e-02,5.663770192534356126e-04,8.262328606113977791e-02,7.142857247217067329e-02,6.553755548205041082e-02,1.114575187386588062e-01,7.777777683127566899e-01,4.271356911757274305e-02,8.135593007038207647e-01,1.053019145412230212e-01,4.055555499999999869e-01,8.635468584934853364e-01,1.000000000000000000e+00
4.621513944223106796e-01,8.912133891213388504e-01,0.000000000000000000e+00,0.000000000000000000e+00,0.000000000000000000e+00,1.198257098039215707e-01,4.467145866885027794e-03,6.832297811658520625e-02,2.179516452513588064e-03,1.412341949259239837e-01,1.128246784673321568e-01,1.178203312384363960e-01,1.932969503258940291e-01,6.255143784941308294e-01,2.512562829410871709e-02,1.000000000000000000e+00,1.826214971824632050e-01,4.415162200000000148e-01,8.960730582470787242e-01,1.000000000000000000e+00
9.601593625498008322e-01,7.196652719665271869e-01,0.000000000000000000e+00,0.000000000000000000e+00,0.000000000000000000e+00,5.882352549019607274e-02,1.635085141896179366e-03,4.844720270514268207e-02,1.297056283601326441e-03,1.071520792301186437e-01,9.253246921645721934e-02,8.247422987868754940e-02,1.473109852747938875e-01,7.427983464525219626e-01,1.005025222216608671e-02,9.046610179590991452e-01,1.391752567071041502e-01,4.202440399999999854e-01,8.537667871801990493e-01,1.000000000000000000e+00
2.788844621513944175e-02,7.866108786610879200e-01,0.000000000000000000e+00,0.000000000000000000e+00,0.000000000000000000e+00,6.535949411764704897e-02,1.376641685706926199e-03,3.105590788472622002e-02,5.138211977357180164e-04,1.045701039371062374e-01,9.740259417692696819e-02,7.805596555187066521e-02,1.395167610439045636e-01,8.004115155730828768e-01,0.000000000000000000e+00,8.622881222215241781e-01,1.318114938747312614e-01,4.088845799999999975e-01,8.221554519485408941e-01,1.000000000000000000e+00
8.087649402390436615e-01,6.066945606694560400e-01,0.000000000000000000e+00,0.000000000000000000e+00,0.000000000000000000e+00,1.960785490196078132e-02,4.867155535357639692e-04,4.472048517264066297e-02,4.023382252930977313e-04,1.652465790936198109e-01,1.266233804657193041e-01,1.686303411735615709e-01,1.987529213171340958e-01,5.390946525910684795e-01,1.683417083268099190e-01,8.474576096667625347e-01,1.877761444199105290e-01,3.890340600000000149e-01,1.000000000000000222e+00,1.000000000000000000e+00
