3.745019920318725104e-01,1.924686192468619272e-01,0.000000000000000000e+00,0.000000000000000000e+00,0.000000000000000000e+00,7.189539999999999820e-02,5.953110002087272368e-03,4.720495681956787815e-02,1.239617184720627615e-03,1.833204340300676749e-01,1.801947988620551944e-01,2.282768930171067967e-01,1.387373386208156367e-01,8.024691267718331300e-01,3.856783908660765259e-01,2.097457604899813088e-01,2.282768930171067967e-01,4.256909500000000124e-01,1.467661934495255727e-01,0.000000000000000000e+00
3.784860557768924272e-01,3.054393305439330186e-01,0.000000000000000000e+00,0.000000000000000000e+00,0.000000000000000000e+00,5.882354509803919967e-02,2.229991846371111829e-03,3.602483329038302234e-02,1.648373416645916405e-03,1.662793761821650396e-01,1.720779166227441592e-01,1.988217952958630519e-01,1.262665588069661893e-01,8.765432058527661274e-01,3.178391968463549211e-01,2.478813533063415619e-01,1.988217952958630519e-01,3.987910700000000253e-01,1.727397837858133944e-01,0.000000000000000000e+00
5.458167330677290430e-01,4.393305439330543738e-01,0.000000000000000000e+00,0.000000000000000000e+00,0.000000000000000000e+00,2.396514117647058351e-02,2.650136719881660452e-04,9.937888823733613194e-03,1.496090466824185478e-04,4.518461363856278445e-02,5.519480287991231082e-02,5.449189797870473279e-02,2.572096591672748400e-02,9.526748979843010501e-01,1.683417083268099190e-01,4.216101438388755729e-01,5.522828088933519342e-02,5.591711000000000320e-01,2.483153770128618543e-01,0.000000000000000000e+00
3.147410358565737032e-01,4.393305439330543738e-01,0.000000000000000000e+00,0.000000000000000000e+00,0.000000000000000000e+00,5.882352941176471200e-02,2.850511451729888755e-03,3.478260976505528901e-02,6.304952964995615703e-04,1.513038985686723237e-01,1.550324573455157673e-01,1.826214971824632050e-01,1.145752154458233446e-01,8.662551405997558351e-01,3.077889333176563880e-01,2.754237364891552464e-01,1.826214971824632050e-01,4.073642199999999991e-01,1.665543989304879013e-01,0.000000000000000000e+00
5.976095617529880027e-02,4.895397489539748959e-01,0.000000000000000000e+00,0.000000000000000000e+00,0.000000000000000000e+00,1.960784313725490169e-02,1.357386643266868893e-04,1.490683323560041892e-02,2.244136385499201553e-04,3.872966634328943447e-02,5.032467572788412724e-02,4.418262007229292743e-02,2.182385029387839959e-02,9.670781893385151928e-01,1.469849237680235232e-01,4.427965917076632230e-01,4.712812851893866117e-02,5.615079400000000387e-01,2.863553826771824684e-01,0.000000000000000000e+00
6.772908366533864077e-02,5.606694560669457372e-01,0.000000000000000000e+00,0.000000000000000000e+00,0.000000000000000000e+00,1.525054745098038990e-02,3.231869519599075822e-05,1.366459517611210046e-02,2.698306433998504702e-04,2.736896599129251886e-02,4.058441338811353410e-02,2.650957270611507821e-02,1.558846459583898211e-02,9.835390974470356040e-01,1.118090457391858333e-01,4.851694779113401856e-01,3.681884928704823312e-02,6.005291000000000379e-01,3.632419499844780075e-01,0.000000000000000000e+00
7.091633466135458530e-01,3.765690376569036935e-01,0.000000000000000000e+00,0.000000000000000000e+00,0.000000000000000000e+00,1.742932745098038638e-02,6.722330192650424145e-04,1.366455805810198529e-02,2.377738418840200324e-04,9.406144985473120501e-01,9.237012587361912441e-01,9.756996025353485980e-01,9.197193711700896168e-01,4.218106661141579616e-01,5.263819106698693906e-01,3.644067546143352487e-01,9.756996025353485980e-01,1.411067199999999910e-01,3.747593835883216568e-02,1.666666666666666297e-01
2.629482071713147295e-01,8.786610878661087198e-02,0.000000000000000000e+00,0.000000000000000000e+00,0.000000000000000000e+00,3.703701960784313435e-02,1.854884428593268301e-03,3.975156871108268680e-02,9.456062095496511628e-04,8.799380443048192557e-01,8.409091124926207916e-01,9.425626366527054545e-01,8.511301558494106523e-01,2.757201598917844998e-01,6.520100351806145111e-01,3.029660815363762194e-01,9.425626366527054545e-01,1.906250399999999956e-01,3.654719287818230383e-02,1.666666666666666297e-01
4.422310756972112067e-01,7.949790794979079422e-02,0.000000000000000000e+00,0.000000000000000000e+00,0.000000000000000000e+00,2.178655882352940887e-02,4.749844850683180501e-04,2.732920153234773275e-02,5.194166724613460224e-04,7.895688393359826529e-01,7.362013089594049431e-01,8.622974826045839425e-01,7.638347111820823487e-01,1.995884714639534485e-01,6.809045230391909120e-01,3.326271066458992287e-01,8.622974826045839425e-01,2.253837599999999886e-01,2.699145935559849052e-02,1.666666666666666297e-01
9.043824701195219973e-01,3.765690376569037767e-02,0.000000000000000000e+00,0.000000000000000000e+00,0.000000000000000000e+00,4.139430196078432156e-02,8.562971425300402919e-04,1.863353846996655683e-02,5.429975073741503218e-04,8.714175328092187423e-01,8.327922010325309321e-01,9.315169592671801446e-01,8.448947203462284783e-01,2.818929749695155973e-01,6.369346738071639535e-01,3.220338779445563460e-01,9.315169592671801446e-01,1.888916599999999890e-01,3.390443625247551579e-02,1.666666666666666297e-01
7.450199203187251040e-01,1.297071129707113024e-01,0.000000000000000000e+00,0.000000000000000000e+00,0.000000000000000000e+00,3.050112156862744978e-02,9.499708898694654005e-04,3.726710600825428044e-02,9.124153916688765558e-04,7.593597214363972947e-01,6.988636112105225395e-01,8.365242795543129661e-01,7.357754758916451587e-01,1.563785251790853481e-01,6.959798957191738467e-01,3.516949030540794108e-01,8.365242795543129661e-01,2.419340500000000116e-01,2.234343237635211254e-02,1.666666666666666297e-01
1.713147410358565881e-01,2.845188284518828103e-01,0.000000000000000000e+00,0.000000000000000000e+00,0.000000000000000000e+00,1.742917764705882028e-02,6.008150487507425783e-04,1.739132165271294050e-02,2.911908657770463367e-04,7.510973586707160310e-01,6.858765894003523433e-01,8.387334547957773223e-01,7.209664779121907063e-01,1.234567274805642434e-01,7.474874030248613854e-01,2.987287976829575697e-01,8.387334547957773223e-01,2.580791000000000057e-01,2.835220102801016759e-02,1.666666666666666297e-01
2.629482071713147295e-01,5.230125523012552069e-01,0.000000000000000000e+00,0.000000000000000000e+00,0.000000000000000000e+00,2.636165882352941026e-01,6.471853575345325703e-03,5.962732623432756562e-02,2.306249698844978647e-03,1.081848693473236034e-01,6.574675271309453339e-02,1.678939648903242376e-01,8.573655071748866041e-02,5.308641892775487481e-01,4.422110525491780852e-01,3.940677797238582580e-01,1.678939648903242376e-01,6.608130300000000235e-01,4.140925349186269644e-02,3.333333333333332593e-01
8.764940239043826631e-02,4.937238493723847821e-01,0.000000000000000000e+00,0.000000000000000000e+00,0.000000000000000000e+00,1.960784313725490169e-02,1.357387149378250809e-04,8.695651211450234480e-03,1.095352099631170025e-04,3.614768895887495240e-03,0.000000000000000000e+00,1.030927856915111497e-02,0.000000000000000000e+00,8.641975256973019048e-01,1.444723624084618407e-01,5.529660843965457095e-01,1.030927856915111497e-02,7.777777999999998526e-01,8.090525126305141146e-02,3.333333333333332593e-01
4.063745019920318446e-01,4.769874476987446821e-01,0.000000000000000000e+00,0.000000000000000000e+00,0.000000000000000000e+00,3.703703921568627516e-02,1.444614922537035143e-03,1.863354137679867212e-02,4.985934076841201613e-04,1.239349395487200287e-02,3.246753260984144678e-03,2.577319509739915346e-02,7.014808822609232448e-03,8.189300348803533192e-01,1.809045230391908843e-01,5.381355775621230464e-01,2.577319509739915346e-02,9.238094999999999501e-01,5.437269751450595628e-02,3.333333333333332593e-01
3.984063745019920111e-01,4.602510460251045266e-01,0.000000000000000000e+00,1.000000000000000000e+00,0.000000000000000000e+00,2.614379215686274752e-02,1.471691619703020685e-03,3.354037058755460904e-02,6.406804098189664400e-04,2.375419709540502536e-02,8.116883700349970809e-03,3.976435905917260344e-02,2.182385029387839959e-02,7.654320881572924673e-01,1.972361780949344612e-01,5.656779493042588536e-01,3.976435905917260344e-02,8.435184999999999489e-01,2.184166073791626861e-03,3.333333333333332593e-01
6.772908366533864077e-02,3.179916317991631769e-01,0.000000000000000000e+00,0.000000000000000000e+00,0.000000000000000000e+00,6.100217647058824022e-02,3.425175446128457014e-03,4.223601799776285914e-02,1.260130133593088779e-03,2.039762572881876831e-02,8.928571193761596775e-03,3.755522689576416134e-02,1.325019381916776699e-02,7.983539043743328456e-01,2.022613019447110638e-01,5.233050669141412481e-01,3.755522689576416134e-02,8.627705599999998531e-01,5.586796773071849714e-02,3.333333333333332593e-01
2.908366533864542025e-01,4.937238493723847821e-01,0.000000000000000000e+00,0.000000000000000000e+00,0.000000000000000000e+00,8.714596862745099121e-03,5.170998805577137848e-05,2.484471870529696320e-03,2.137272662221931097e-05,3.614768895887495240e-03,0.000000000000000000e+00,1.030927856915111497e-02,0.000000000000000000e+00,8.641975256973019048e-01,1.444723624084618407e-01,5.529660843965457095e-01,1.030927856915111497e-02,1.000000000000000000e+00,8.090525126305141146e-02,3.333333333333332593e-01
5.936254980079681554e-01,6.150627615062761455e-01,0.000000000000000000e+00,0.000000000000000000e+00,0.000000000000000000e+00,8.496733333333331140e-02,2.850513196941551440e-03,3.105590117665209260e-02,3.018893852917474635e-04,5.886909942274513863e-02,5.113636322129574974e-02,8.100147068481981794e-02,4.286827535874433021e-02,8.127571920248434223e-01,2.374371790690261996e-01,4.491525270216892851e-01,8.100147068481981794e-02,5.030864499999999628e-01,1.088796455829853654e-01,5.000000000000000000e-01
7.808764940239043550e-01,4.602510460251045266e-01,0.000000000000000000e+00,0.000000000000000000e+00,0.000000000000000000e+00,8.496731764705881540e-01,3.030176105818465498e-02,2.111800922248388904e-02,6.526017052803908874e-04,2.860831482907249534e-01,2.735389482667293093e-01,3.276877641554656329e-01,2.540919484304925979e-01,6.934156221269617282e-01,3.944723403607238166e-01,3.072033653897948136e-01,3.276877641554656329e-01,2.805777500000000146e-01,9.922646735957424413e-02,5.000000000000000000e-01
9.362549800796812205e-01,4.435146443514644266e-01,0.000000000000000000e+00,0.000000000000000000e+00,0.000000000000000000e+00,3.050112156862744978e-02,7.045193652176523665e-04,2.857143176574957616e-02,5.358523574342949087e-04,3.199070664572290501e-01,2.889610471675239656e-01,3.873343027442244790e-01,2.782540926499113554e-01,5.411522452712993481e-01,5.351758827775812133e-01,2.266949149714521383e-01,3.873343027442244790e-01,3.304768799999999729e-01,7.996286574820438142e-02,5.000000000000000000e-01
5.378486055776892094e-01,1.422594142259414052e-01,0.000000000000000000e+00,0.000000000000000000e+00,0.000000000000000000e+00,4.793027450980391624e-02,2.695315188716718678e-03,4.596272435014134294e-02,1.100974501583029458e-03,3.699974289697112728e-01,3.514610279913876756e-01,4.226804239861529644e-01,3.320342749170919205e-01,6.172839336991304826e-01,4.723617866026115775e-01,2.542372981542658783e-01,4.226804239861529644e-01,2.593673200000000123e-01,8.989179134772971869e-02,5.000000000000000000e-01
7.569721115537848544e-01,4.518828451882844766e-01,0.000000000000000000e+00,0.000000000000000000e+00,0.000000000000000000e+00,4.357296862745097671e-02,2.258062179797290254e-03,2.111804365726436747e-02,5.570119997472461944e-04,2.778208203817450483e-01,2.646103712288118692e-01,3.195876117850691145e-01,2.462977241996032463e-01,6.913580109282114750e-01,3.932160602462694832e-01,3.114406683110098606e-01,3.195876117850691145e-01,2.717172500000000213e-01,9.728726592167741272e-02,5.000000000000000000e-01
4.661354581673305963e-01,4.811715481171546793e-01,0.000000000000000000e+00,0.000000000000000000e+00,0.000000000000000000e+00,2.614379215686274752e-02,6.980842113493208228e-04,4.099379223641042014e-02,1.530821395091439951e-03,1.432997681889935648e-01,1.176947961226071510e-01,1.899852666422292558e-01,1.184723345760768237e-01,6.460905275186705765e-01,3.844221107516224145e-01,3.728813413889688344e-01,1.899852666422292558e-01,4.370780000000000221e-01,6.896846073826429224e-02,5.000000000000000000e-01
8.924302788844621359e-01,1.966527196652719245e-01,0.000000000000000000e+00,0.000000000000000000e+00,0.000000000000000000e+00,1.307190196078431184e-02,7.358459145642102248e-04,9.937888823733613194e-03,2.483286220906260537e-04,5.809449986350116030e-02,4.058441338811353410e-02,9.351988075464003070e-02,3.741231488971737823e-02,7.386831240550220112e-01,3.052763843952803202e-01,4.110169342053289765e-01,9.351988075464003070e-02,6.222222400000000375e-01,8.569251408050915231e-02,6.666666666666665186e-01
8.167330677290834950e-01,2.092050209205020828e-01,0.000000000000000000e+00,0.000000000000000000e+00,0.000000000000000000e+00,2.178649019607842643e-02,7.045187892978036631e-04,1.118012129316016748e-02,3.314278672049899709e-04,4.931577898732081300e-02,3.409091124926208471e-02,8.100147068481981794e-02,3.039750606710815012e-02,7.592592490054862475e-01,2.839195998364938966e-01,4.258474467600905644e-01,8.100147068481981794e-02,6.458911299999999800e-01,8.937057895403144325e-02,6.666666666666665186e-01
8.844621513944223024e-01,2.133891213389120800e-01,0.000000000000000000e+00,0.000000000000000000e+00,0.000000000000000000e+00,1.307189803921568819e-02,5.203216459998701547e-04,9.937887034913850740e-03,3.619980449088139036e-04,4.492641680639557211e-02,3.003246647700920716e-02,7.584683670215879026e-02,2.650038833981641778e-02,7.633744769585423251e-01,2.788944680721447966e-01,4.300847306135092141e-01,7.584683670215879026e-02,6.703704000000000329e-01,8.937057895403144325e-02,6.666666666666665186e-01
8.804780876494021635e-01,2.133891213389120800e-01,0.000000000000000000e+00,0.000000000000000000e+00,0.000000000000000000e+00,1.089324784313725446e-02,4.379158403089443733e-04,1.490683211758806609e-02,4.023383118526249096e-04,4.466821648855821142e-02,3.003246647700920716e-02,7.584683670215879026e-02,2.572096591672748400e-02,7.654320881572924673e-01,2.801507481865990190e-01,4.258474467600905644e-01,7.584683670215879026e-02,6.808080699999999874e-01,9.206986017797391675e-02,6.666666666666665186e-01
8.964143426294820527e-01,5.020920502092051096e-01,0.000000000000000000e+00,0.000000000000000000e+00,0.000000000000000000e+00,0.000000000000000000e+00,0.000000000000000000e+00,0.000000000000000000e+00,0.000000000000000000e+00,0.000000000000000000e+00,0.000000000000000000e+00,0.000000000000000000e+00,0.000000000000000000e+00,8.930041121094342005e-01,1.092964830228402850e-01,5.826271018789500600e-01,0.000000000000000000e+00,0.000000000000000000e+00,4.690522913506116054e-01,6.666666666666665186e-01
3.784860557768924272e-01,3.472803347280333797e-01,0.000000000000000000e+00,0.000000000000000000e+00,0.000000000000000000e+00,2.832245490196078769e-02,4.977088337727776255e-04,9.937892401373139839e-03,3.099048624237302012e-04,1.409759834539421886e-01,1.168831159343902693e-01,1.907216561802528854e-01,1.114575187386588062e-01,6.584361947111712077e-01,3.994974721250729721e-01,3.347457485726085813e-01,1.907216561802528854e-01,4.515457500000000235e-01,8.266626122159219381e-02,6.666666666666665186e-01
9.322709163346611927e-01,7.740585774058578172e-01,0.000000000000000000e+00,0.000000000000000000e+00,0.000000000000000000e+00,6.535947450980392204e-02,2.326950047155619192e-03,4.968943293854452548e-02,8.282796034304116661e-04,3.294603820127151583e-01,3.051948189513407628e-01,3.880706989096413539e-01,2.907248444045255065e-01,5.884773398795902777e-01,4.924623136600084217e-01,2.499999761652544616e-01,3.880706989096413539e-01,2.942378199999999833e-01,8.457095485558252523e-02,8.333333333333331483e-01
6.613545816733068516e-01,7.447698744769875034e-01,0.000000000000000000e+00,0.000000000000000000e+00,0.000000000000000000e+00,1.481481333333333483e-01,3.905299230501273547e-03,8.447203599552573217e-02,1.114024720823885090e-03,4.071779010744508986e-01,3.749999872159092140e-01,4.801177873334477875e-01,3.608729326306177598e-01,5.000000027777777856e-01,5.854271099688145297e-01,1.843220001660804686e-01,4.801177873334477875e-01,2.955230799999999936e-01,7.962082706458549486e-02,8.333333333333331483e-01
1.593625498007968100e-02,8.326359832635982228e-01,0.000000000000000000e+00,0.000000000000000000e+00,5.000000000000000000e-01,8.496734117647058993e-02,2.914500335429681850e-03,9.937886587708905095e-02,1.885090496542956564e-03,3.576039266492308522e-01,3.319805062339243884e-01,4.263623120297326263e-01,3.094310036030863409e-01,5.679012278920891887e-01,5.515075129589536163e-01,1.716101676736211112e-01,4.263623120297326263e-01,3.175664000000000264e-01,9.452669720712335300e-02,8.333333333333331483e-01
8.844621513944223024e-01,6.276150627615062483e-01,0.000000000000000000e+00,0.000000000000000000e+00,0.000000000000000000e+00,5.446624705882352480e-02,5.306727930576876640e-03,2.012422011650806808e-01,2.237724921324603378e-02,2.930544885531987109e-01,2.629870108523780781e-01,3.460971844911842066e-01,2.657833198508707806e-01,5.576131718983388108e-01,4.547738536937201981e-01,3.453389582061550112e-01,3.460971844911842066e-01,3.084164600000000034e-01,4.608242928416012713e-02,8.333333333333331483e-01
1.000000000000000000e+00,7.949790794979078035e-01,0.000000000000000000e+00,0.000000000000000000e+00,0.000000000000000000e+00,1.808278705882352677e-01,9.590138786212270422e-03,1.242235890544354238e-01,4.180301475291726965e-03,2.809191837620196308e-01,2.613636504759443979e-01,3.247422656499096560e-01,2.533125330222125160e-01,6.419753051211702921e-01,4.045225925828898617e-01,3.432203353472422225e-01,3.247422656499096560e-01,2.753682000000000074e-01,6.581403603626612142e-02,8.333333333333331483e-01
4.143426294820716782e-01,7.615062761506276034e-01,0.000000000000000000e+00,0.000000000000000000e+00,0.000000000000000000e+00,1.263616470588235230e-01,3.324906927862024929e-03,6.459627847228083253e-02,1.570568880753575591e-03,4.190550013649884109e-01,3.879870017208847388e-01,4.977908910324675973e-01,3.655494741839602213e-01,5.041152066567586854e-01,6.180904381707534867e-01,1.249999880826272308e-01,4.977908910324675973e-01,3.084653600000000218e-01,8.954688010256116326e-02,8.333333333333331483e-01
7.808764940239043550e-01,9.414225941422591504e-01,0.000000000000000000e+00,0.000000000000000000e+00,0.000000000000000000e+00,9.586056470588233402e-02,1.191914643791828522e-02,7.453415611589091216e-02,5.482101942309228551e-03,1.120578392581824678e-01,9.577921919010369545e-02,1.104565617786703868e-01,1.293842555141307693e-01,7.283950495427520266e-01,1.293969852058659831e-01,7.182203186629203540e-01,1.229749585937042478e-01,2.927288399999999902e-01,9.860763420482463459e-01,1.000000000000000000e+00
3.665338645418326768e-01,9.414225941422591504e-01,0.000000000000000000e+00,1.000000000000000000e+00,0.000000000000000000e+00,6.971677254901960386e-02,4.705608098061348984e-03,4.472049188071479386e-02,6.732407713838819800e-04,8.727084855990235868e-02,6.980519018015267363e-02,7.142857237534187831e-02,1.208106018453436736e-01,7.283950495427520266e-01,5.025125771887069270e-02,8.516948935201811288e-01,1.141384431948568035e-01,4.472465800000000047e-01,8.892241672717424716e-01,1.000000000000000000e+00
7.370517928286850484e-01,8.661087866108786448e-01,0.000000000000000000e+00,0.000000000000000000e+00,0.000000000000000000e+00,4.575163137254902729e-02,1.299212787375278368e-03,2.608695117472352790e-02,4.728711405631503997e-04,9.553318344022257436e-02,7.792207972465843568e-02,8.394698244516211882e-02,1.247077209755970972e-01,7.242798271452518533e-01,7.412060363721874323e-02,8.156779426305302838e-01,1.178203312384363960e-01,4.013468299999999878e-01,9.106268079415912320e-01,1.000000000000000000e+00
7.928286852589642164e-01,8.535564853556485421e-01,0.000000000000000000e+00,0.000000000000000000e+00,0.000000000000000000e+00,6.100219215686274871e-02,1.672600473580636727e-03,1.055900505844688947e-01,1.907953392311147970e-03,1.605990235661974852e-01,1.249999908685065775e-01,1.494845312998193121e-01,2.065471525628323479e-01,5.637859684575504682e-01,9.296482570579021887e-02,9.491524984199948278e-01,1.951399138796766630e-01,4.207669499999999729e-01,9.436826153816701979e-01,1.000000000000000000e+00
7.928286852589642164e-01,1.000000000000000000e+00,0.000000000000000000e+00,0.000000000000000000e+00,0.000000000000000000e+00,8.932461568627453330e-02,2.479502489020873456e-03,3.229813588210334735e-02,7.397945596183072049e-04,6.429124753807118064e-02,4.788960813401291899e-02,4.860088439910982550e-02,9.664847867035138151e-02,7.448559576512722158e-01,4.522613499974735551e-02,8.432203258133439405e-01,9.131075190492816962e-02,5.633903000000000105e-01,8.754614654300469923e-01,1.000000000000000000e+00
2.788844621513943967e-01,7.071129707112969731e-01,0.000000000000000000e+00,1.000000000000000000e+00,0.000000000000000000e+00,4.793027450980391624e-02,9.824887206970236552e-04,6.708074117510923196e-02,1.346480042402626925e-03,1.556932705094739300e-01,1.339285752116186889e-01,1.421207684674465066e-01,1.909586760418183760e-01,6.707818804221911124e-01,7.914572974830176577e-02,8.622881222215241781e-01,1.804123617053580986e-01,3.273826000000000236e-01,9.238122731730421533e-01,1.000000000000000000e+00
