5.537848605577688765e-01,4.769874476987446821e-01,0.000000000000000000e+00,0.000000000000000000e+00,0.000000000000000000e+00,1.089325098039215997e-02,1.098837793745301009e-04,1.490683323560041892e-02,2.244136385499201553e-04,4.311902922134869948e-02,5.357142935412800844e-02,5.081001324882168657e-02,2.494154279215766642e-02,9.567901222336530065e-01,1.595477407417109916e-01,4.322033725402185111e-01,5.154639085753762173e-02,5.456349000000000338e-01,2.611495928310797465e-01,0.000000000000000000e+00
5.737051792828684604e-01,3.807531380753138017e-01,0.000000000000000000e+00,0.000000000000000000e+00,0.000000000000000000e+00,3.485837882352942063e-02,1.060056049217761353e-03,5.838508705682688565e-02,1.071308099115274998e-03,1.608572210954987147e-01,1.615259645980035297e-01,1.973490493567816306e-01,1.215900242684326005e-01,8.395061690900773588e-01,3.366833985631680348e-01,2.542372981542658783e-01,1.973490493567816306e-01,4.177625799999999945e-01,1.566954341041885967e-01,0.000000000000000000e+00
9.083665338645415810e-01,4.728033472803346848e-01,0.000000000000000000e+00,0.000000000000000000e+00,0.000000000000000000e+00,3.485839215686274695e-02,1.292747825291747012e-04,1.987577541144252072e-02,2.457862822192592549e-04,4.105344898693876615e-02,5.194805071470737223e-02,4.712812851893866117e-02,2.416211896610697199e-02,9.609053501867091951e-01,1.507537686339991134e-01,4.427965917076632230e-01,5.007363564010576529e-02,5.458553999999999906e-01,2.767458599762644966e-01,0.000000000000000000e+00
4.780876494023904022e-01,2.050209205020920300e-01,0.000000000000000000e+00,0.000000000000000000e+00,0.000000000000000000e+00,8.932462745098038170e-02,4.065695700705973525e-03,6.459627176420669470e-02,2.073154197430163159e-03,1.864187974103422851e-01,1.801947988620551944e-01,2.334315004901951485e-01,1.426344507362602987e-01,7.777777683127566899e-01,3.969849232026969044e-01,2.161017053379055974e-01,2.334315004901951485e-01,4.223002000000000145e-01,1.398913938222765552e-01,0.000000000000000000e+00
1.513944223107569487e-01,4.184100418410041100e-01,0.000000000000000000e+00,0.000000000000000000e+00,0.000000000000000000e+00,2.832244196078432391e-02,6.528385867694804293e-04,1.987577541144252072e-02,3.099043863463310728e-04,4.208623910414373975e-02,5.113636322129574974e-02,5.081001324882168657e-02,2.416211896610697199e-02,9.465020551287911532e-01,1.645728645914875388e-01,4.343220201872666775e-01,5.228276912899286477e-02,5.629188400000000314e-01,2.511504284685008859e-01,0.000000000000000000e+00
3.346613545816732871e-01,3.765690376569036935e-01,0.000000000000000000e+00,0.000000000000000000e+00,0.000000000000000000e+00,5.228758431372549503e-02,2.249382544113715746e-03,2.857142505767545568e-02,8.789529211387885196e-04,1.484637327176988875e-01,1.550324573455157673e-01,1.774668698271953116e-01,1.114575187386588062e-01,8.888888856378598380e-01,2.952261321731142751e-01,2.733050945624460049e-01,1.774668698271953116e-01,4.047921999999999909e-01,1.802024763000236729e-01,0.000000000000000000e+00
8.964143426294820527e-01,3.012552301255229659e-01,0.000000000000000000e+00,0.000000000000000000e+00,0.000000000000000000e+00,3.485840392156863699e-02,9.049247080784451457e-04,2.360240573898100477e-02,3.660071143275348601e-04,6.318099885920988035e-01,5.446428851895868117e-01,7.746685988610559903e-01,5.643023674418592428e-01,0.000000000000000000e+00,1.000000000000000000e+00,0.000000000000000000e+00,7.746685988610559903e-01,3.620617700000000050e-01,5.409635709342657667e-02,1.666666666666666297e-01
2.629482071713147295e-01,2.510460251046025548e-01,0.000000000000000000e+00,0.000000000000000000e+00,0.000000000000000000e+00,6.535947450980392204e-02,1.551303114644350407e-03,3.354034151923343532e-02,2.163977069804199889e-04,8.781306546283702552e-01,8.441558697714620640e-01,9.337260682347123808e-01,8.519095291688375537e-01,3.148148097050751382e-01,6.155779005549100180e-01,3.241525389390619849e-01,9.337260682347123808e-01,1.796721799999999869e-01,3.543300965000922842e-02,1.666666666666666297e-01
7.171314741035856866e-01,6.694560669456064983e-02,0.000000000000000000e+00,0.000000000000000000e+00,0.000000000000000000e+00,2.832240784313724835e-02,8.079699628130298942e-04,1.118012352918487141e-02,1.843392103405165411e-04,9.625613931080215790e-01,9.683441804517516349e-01,9.712813183263525607e-01,9.477786064605263627e-01,5.864197471993595201e-01,3.969849232026969044e-01,4.131355761320383291e-01,9.712813183263525607e-01,9.626316000000000039e-02,4.937440335275006947e-02,1.666666666666666297e-01
5.617529880478087101e-01,9.205020920502092474e-02,0.000000000000000000e+00,0.000000000000000000e+00,0.000000000000000000e+00,1.960779294117646898e-02,1.088329088978569814e-03,1.118015147949369577e-02,2.521787032978891480e-04,7.709785753982516532e-01,7.069805299758074035e-01,8.527246108046786510e-01,7.459080235102718559e-01,1.255143942348723174e-01,7.223617668161800287e-01,3.389830324260271754e-01,8.527246108046786510e-01,2.477764600000000039e-01,2.278250804238468596e-02,1.666666666666666297e-01
6.175298804780876560e-01,8.786610878661087198e-02,0.000000000000000000e+00,0.000000000000000000e+00,0.000000000000000000e+00,3.050092392156862620e-02,2.844069875482638276e-04,5.838505351645630059e-02,7.507148374282240780e-04,9.501678838162009866e-01,9.480520296424348459e-01,9.698085790146644403e-01,9.314108127385561930e-01,5.308641892775487481e-01,4.497487219293709870e-01,3.813559281636024756e-01,9.698085790146644403e-01,1.130553559999999957e-01,4.636783217361228893e-02,1.666666666666666297e-01
4.741035856573704854e-01,2.635983263598326576e-01,0.000000000000000000e+00,0.000000000000000000e+00,0.000000000000000000e+00,1.307194509803921711e-02,1.551305034377179599e-04,1.118015147949369577e-02,5.610352865682984806e-05,7.100439027124370028e-01,6.509740490992365070e-01,8.166421000247268136e-01,6.539360513192188362e-01,1.851851930727026474e-01,8.341708779071227431e-01,8.898301812517990517e-02,8.166421000247268136e-01,2.767843999999999860e-01,5.752482416726439896e-02,1.666666666666666297e-01
1.752988047808765049e-01,4.058577405857740072e-01,0.000000000000000000e+00,0.000000000000000000e+00,5.000000000000000000e-01,1.000000000000000000e+00,2.233068305490226724e-02,6.099378776436099603e-01,1.149148485078435936e-02,3.472760324485216210e-01,3.051948189513407628e-01,4.050073534240989370e-01,3.265783319850870670e-01,4.465020560547172113e-01,4.924623136600084217e-01,3.961864216505676106e-01,4.050073534240989370e-01,3.589750800000000019e-01,3.159057865787956443e-02,3.333333333333332593e-01
0.000000000000000000e+00,2.928870292887028604e-01,0.000000000000000000e+00,0.000000000000000000e+00,0.000000000000000000e+00,4.771241960784313729e-01,4.667665276780099126e-01,2.062111623471327981e-01,1.481343392319803831e-01,1.487219302470001447e-01,1.022727264425914995e-01,2.025036767120494685e-01,1.363990643367400113e-01,4.855966873494885205e-01,4.221105367983136181e-01,4.745762587438955848e-01,2.025036767120494685e-01,5.952821999999999836e-01,1.715036000887270803e-02,3.333333333333332593e-01
5.019920318725100694e-01,5.523012552301254097e-01,0.000000000000000000e+00,0.000000000000000000e+00,0.000000000000000000e+00,5.882352941176471200e-02,2.133035041755934461e-04,1.987577406982769801e-02,4.381408470657617744e-04,2.917634869640120532e-02,6.493506521968289355e-03,6.259205034910124421e-02,1.558846459583898211e-02,7.098765302354816953e-01,2.876884401798566193e-01,4.703389653565787087e-01,6.259205034910124421e-02,9.153759999999999675e-01,5.069383573681174315e-02,3.333333333333332593e-01
1.593625498007968100e-01,2.677824267782425993e-01,0.000000000000000000e+00,0.000000000000000000e+00,5.000000000000000000e-01,6.034858431372549514e-01,3.339681889798958719e-02,5.950310611781949310e-01,2.287594461690628869e-02,3.834237144360562177e-01,3.465908957257232137e-01,4.337260350977464318e-01,3.655494741839602213e-01,4.732510201569877784e-01,4.635678371079645088e-01,4.173728599854569232e-01,4.337260350977464318e-01,2.978018499999999791e-01,3.228314398118021372e-02,3.333333333333332593e-01
2.031872509960159223e-01,3.807531380753138017e-01,0.000000000000000000e+00,0.000000000000000000e+00,0.000000000000000000e+00,2.832244196078432391e-02,8.855330504694269031e-04,1.863353846996655683e-02,4.087534187406569844e-04,2.013942680524947668e-02,4.870130074106087011e-03,4.197349122258105941e-02,1.169134757002813704e-02,7.695473198140525550e-01,2.261306467324059044e-01,5.127118477466964253e-01,4.197349122258105941e-02,8.997354499999999922e-01,4.989561574644840736e-02,3.333333333333332593e-01
3.187250996015936200e-02,2.887029288702928631e-01,0.000000000000000000e+00,0.000000000000000000e+00,0.000000000000000000e+00,1.154684078431372496e-01,2.399989424017323972e-02,3.726707693993310255e-01,5.158305833852448730e-02,1.647301910063575792e-01,1.266233804657193041e-01,2.098674461718155471e-01,1.535463786891229920e-01,5.432098379515299946e-01,3.819095279096493267e-01,4.830508302642920193e-01,2.098674461718155471e-01,5.142537000000000358e-01,1.842827924537776205e-02,3.333333333333332593e-01
6.414342629482071567e-01,6.192468619246861428e-01,0.000000000000000000e+00,0.000000000000000000e+00,0.000000000000000000e+00,8.496732156862744911e-02,1.675968295786849560e-03,4.968943964661864249e-02,1.049904164176878197e-03,1.820294324408809616e-01,1.842532363291133068e-01,1.958762835355206955e-01,1.652377150354570334e-01,8.436213933394296483e-01,2.261306467324059044e-01,4.364406659275352762e-01,1.958762835355206955e-01,2.028455600000000081e-01,1.349911374063129943e-01,5.000000000000000000e-01
4.422310756972112067e-01,3.305439330543932797e-01,0.000000000000000000e+00,0.000000000000000000e+00,0.000000000000000000e+00,2.897603921568627228e-01,1.212146481199532881e-02,2.857141611357662953e-02,6.346358065602311855e-04,4.544281395640012988e-01,4.212662400871247659e-01,5.287187148106131662e-01,4.076383271196156177e-01,4.753086313557379761e-01,6.042713682182895285e-01,1.779661125215453443e-01,5.287187148106131662e-01,2.783454399999999995e-01,7.823325010750331598e-02,5.000000000000000000e-01
8.366533864541833565e-02,3.179916317991631769e-01,0.000000000000000000e+00,0.000000000000000000e+00,0.000000000000000000e+00,7.407411372549019268e-02,2.197295305869286213e-03,2.608695341074824051e-02,4.498287491888651240e-04,4.464239952416421131e-01,4.074675453939321512e-01,5.324006028541929947e-01,3.928292940661170518e-01,4.341563333066585373e-01,6.620602987093129332e-01,1.228813652237143311e-01,5.324006028541929947e-01,3.096997699999999853e-01,7.892637141045870386e-02,5.000000000000000000e-01
8.685258964143425242e-01,2.887029288702928631e-01,0.000000000000000000e+00,0.000000000000000000e+00,0.000000000000000000e+00,5.010889019607843442e-02,5.752732477900385482e-04,1.490683211758806609e-02,6.732396605366172205e-04,2.767880372358803576e-01,2.654220952481973206e-01,3.195876117850691145e-01,2.424006261137761908e-01,7.057613078379816329e-01,3.982411920106187497e-01,2.881355689816146870e-01,3.195876117850691145e-01,2.829639600000000144e-01,1.053218020434809887e-01,5.000000000000000000e-01
7.848605577689241608e-01,4.853556485355647876e-01,0.000000000000000000e+00,0.000000000000000000e+00,0.000000000000000000e+00,9.586056470588233402e-02,7.653079495787407788e-03,1.913043235214705595e-01,4.294849304191241529e-02,2.840175610849748344e-01,2.775974003441769034e-01,3.195876117850691145e-01,2.525331176139324341e-01,7.407407352537718204e-01,3.630653261928359354e-01,3.114406683110098606e-01,3.195876117850691145e-01,2.489993899999999871e-01,1.153847743377730967e-01,5.000000000000000000e-01
6.972111553784859916e-01,3.723849372384936962e-01,0.000000000000000000e+00,0.000000000000000000e+00,0.000000000000000000e+00,7.625270980392155618e-02,1.350924368809297647e-03,3.229814035415276563e-02,4.701995745310710221e-04,3.860056897290686240e-01,3.676947924700097459e-01,4.432989731715833437e-01,3.429462168995723315e-01,6.131687113016301982e-01,5.000000056532659665e-01,2.118643833488941530e-01,4.432989731715833437e-01,2.686205199999999738e-01,9.725201681156452060e-02,5.000000000000000000e-01
6.334661354581673232e-01,1.255230125523012774e-01,0.000000000000000000e+00,0.000000000000000000e+00,0.000000000000000000e+00,3.267973725490196102e-02,1.413034706675295182e-03,4.968944411866807465e-03,1.241642894054312729e-04,4.905757936661748336e-03,4.058441850174985405e-03,8.100147068481980753e-03,2.338269654301803301e-03,8.847736589811001640e-01,1.268844227156510629e-01,5.614406597305015012e-01,8.100147068481980753e-03,5.370369999999999866e-01,1.271024718132678366e-01,6.666666666666665186e-01
9.482071713147407488e-01,3.430962343096233269e-01,0.000000000000000000e+00,0.000000000000000000e+00,0.000000000000000000e+00,1.350762352941176359e-01,2.355390190933136230e-02,2.360248176382100799e-02,6.224801223259237128e-04,1.004389434682863985e-01,7.224025996558232354e-02,1.516936734043175805e-01,7.326578493325690278e-02,6.419753051211702921e-01,3.969849232026969044e-01,3.559321869074980049e-01,1.516936734043175805e-01,5.770023499999999972e-01,7.291801047721423179e-02,6.666666666666665186e-01
7.569721115537848821e-02,5.146443514644351014e-01,0.000000000000000000e+00,0.000000000000000000e+00,0.000000000000000000e+00,2.614379215686274752e-02,1.551301107650937799e-04,1.366459651772692491e-02,1.736533573699522741e-04,2.065582256098598066e-02,8.116883700349970809e-03,4.270986883129698070e-02,9.353078897799564639e-03,7.901234540237765946e-01,2.273869381533924483e-01,4.894067617647587243e-01,4.270986883129698070e-02,8.292327999999999921e-01,7.373315078173803272e-02,6.666666666666665186e-01
8.326693227091634952e-01,5.941422594142259372e-01,0.000000000000000000e+00,0.000000000000000000e+00,0.000000000000000000e+00,0.000000000000000000e+00,0.000000000000000000e+00,0.000000000000000000e+00,0.000000000000000000e+00,0.000000000000000000e+00,0.000000000000000000e+00,0.000000000000000000e+00,0.000000000000000000e+00,8.930041121094342005e-01,1.092964830228402850e-01,5.826271018789500600e-01,0.000000000000000000e+00,0.000000000000000000e+00,4.690522913506116054e-01,6.666666666666665186e-01
1.673306772908366435e-01,5.899581589958159400e-01,0.000000000000000000e+00,0.000000000000000000e+00,0.000000000000000000e+00,7.625272549019607160e-02,2.979788703733566788e-03,2.732919035222420093e-02,5.984364319816679262e-04,1.058610985549526817e-02,7.305194745899391828e-03,1.914580192087038391e-02,4.676539448899782320e-03,8.641975256973019048e-01,1.557788924837756883e-01,5.338982879883654720e-01,1.914580192087038391e-02,6.486772299999999936e-01,1.107717926094328731e-01,6.666666666666665186e-01
8.247011952191233286e-01,9.623430962343096362e-02,0.000000000000000000e+00,0.000000000000000000e+00,0.000000000000000000e+00,6.753813333333331947e-02,3.020928403738662709e-03,9.937888823733613194e-03,3.619979583492867253e-04,1.006971409975876558e-01,7.873376721807004430e-02,1.391752567071041502e-01,8.106000916414624058e-02,6.893003997294612217e-01,3.316582781053511453e-01,4.173728599854569232e-01,1.391752567071041502e-01,4.799579999999999957e-01,6.830538086932202990e-02,6.666666666666665186e-01
5.976095617529879611e-01,6.359832635983263538e-01,0.000000000000000000e+00,0.000000000000000000e+00,0.000000000000000000e+00,8.061002352941176730e-02,3.988133782341390064e-03,4.062111399868856831e-01,3.028785226481560747e-02,2.788536104989500775e-01,2.524350734380269023e-01,3.181148724733808275e-01,2.626656091140884830e-01,5.905349510783404199e-01,3.806532591017273703e-01,4.364406659275352762e-01,3.188512421292249432e-01,2.638464999999999838e-01,2.494532449743347858e-03,8.333333333333331483e-01
7.211155378486056033e-01,7.322175732217571786e-01,0.000000000000000000e+00,1.000000000000000000e+00,0.000000000000000000e+00,1.437908235294117487e-01,3.567144226386064799e-03,3.975152622661327212e-02,8.953617221652693248e-04,3.377226959790146088e-01,3.198052084431395881e-01,3.969072209358820991e-01,2.922837102951298394e-01,6.337448418076505607e-01,4.974874115047606127e-01,1.949152288674234068e-01,3.969072209358820991e-01,3.045219499999999857e-01,1.033927194353011503e-01,8.333333333333331483e-01
4.661354581673305963e-01,7.071129707112969731e-01,0.000000000000000000e+00,0.000000000000000000e+00,0.000000000000000000e+00,7.625273333333332237e-02,2.586388500870162848e-03,6.956521953011057802e-02,7.852845485761967550e-04,3.384973094809390348e-01,3.222402490077901360e-01,3.910161974151972752e-01,2.985190966946500990e-01,6.460905275186705765e-01,4.635678371079645088e-01,2.394067665317079485e-01,3.910161974151972752e-01,2.788221799999999750e-01,9.913265505915820619e-02,8.333333333333331483e-01
7.848605577689241608e-01,7.196652719665271869e-01,0.000000000000000000e+00,0.000000000000000000e+00,0.000000000000000000e+00,4.139430196078432156e-02,2.062228837737897866e-03,7.577637516916925498e-02,1.152288071260419234e-03,3.767105717028836898e-01,3.571428623608534081e-01,4.410898642040511630e-01,3.273577544081759938e-01,6.069958591868607201e-01,5.339196026631268799e-01,1.610169580400745148e-01,4.410898642040511630e-01,2.986216999999999899e-01,1.030399688770002320e-01,8.333333333333331483e-01
8.685258964143425242e-01,6.903765690376567621e-01,0.000000000000000000e+00,0.000000000000000000e+00,5.000000000000000000e-01,8.278870196078431942e-02,3.242458416841711467e-03,1.142857047027512757e-01,2.049652492351744341e-03,4.203459890114946695e-01,3.896103767077078728e-01,5.014727724486540694e-01,3.639906433674000574e-01,5.061727993369895540e-01,6.306532393152957106e-01,1.016949268888248659e-01,5.014727724486540694e-01,3.144624200000000203e-01,9.271926294740867602e-02,8.333333333333331483e-01
3.027888446215140084e-01,7.280334728033472924e-01,0.000000000000000000e+00,0.000000000000000000e+00,0.000000000000000000e+00,1.154684313725490019e-01,1.337348471997380946e-02,1.391304077558752628e-01,2.316803469190435380e-02,2.269558652813591093e-01,2.134740153127108742e-01,2.628866048388320276e-01,2.018706180242987314e-01,7.078189190367315531e-01,3.505025137417615566e-01,3.665254156088408877e-01,2.628866048388320276e-01,2.703603800000000112e-01,8.259609658915939567e-02,8.333333333333331483e-01
2.470119521912350069e-01,7.949790794979078035e-01,0.000000000000000000e+00,0.000000000000000000e+00,0.000000000000000000e+00,5.664488235294116297e-02,1.603009373182798540e-03,2.111800653925424709e-02,3.980669237869332135e-04,5.422153483258047163e-02,4.545454565377804457e-02,3.681884928704823312e-02,8.106000916414624058e-02,8.065843584285932177e-01,3.391960266312706029e-02,7.987287881490593433e-01,7.658320635800289211e-02,5.432012699999999583e-01,8.365523968477509564e-01,1.000000000000000000e+00
1.394422310756971983e-01,9.707112970711295752e-01,0.000000000000000000e+00,1.000000000000000000e+00,0.000000000000000000e+00,7.407407843137255032e-02,3.231872486458903324e-03,4.472049411673948566e-02,5.129448330165735674e-04,9.295120117586988528e-02,7.224025996558232354e-02,8.026509440158251241e-02,1.262665588069661893e-01,7.016460854404813485e-01,6.783919741168147055e-02,8.495762515934719428e-01,1.192930771775178450e-01,4.522285999999999806e-01,9.079631094155543591e-01,1.000000000000000000e+00
6.454183266932270735e-01,6.485355648535564566e-01,0.000000000000000000e+00,0.000000000000000000e+00,0.000000000000000000e+00,6.971676862745099235e-02,1.913270484770934017e-03,5.465839412059664282e-02,7.587316922993471999e-04,1.182545869327524812e-01,9.009739943102759718e-02,1.082474263015653637e-01,1.558846319287721938e-01,6.358024530064008140e-01,8.793970072536039240e-02,8.834745605564136017e-01,1.472753958227142890e-01,4.462136999999999909e-01,9.353015556736989922e-01,1.000000000000000000e+00
7.370517928286850484e-01,6.778242677824267703e-01,0.000000000000000000e+00,0.000000000000000000e+00,0.000000000000000000e+00,5.664488235294116297e-02,1.447880911642725850e-03,4.720497247174083866e-02,1.431972506962992308e-03,1.195455745792586705e-01,9.902596916375024094e-02,1.030927790641179564e-01,1.566640683814787549e-01,6.934156221269617282e-01,5.527638496060696682e-02,8.792372576351985547e-01,1.480117853607379463e-01,3.964332600000000095e-01,9.013707659855874077e-01,1.000000000000000000e+00
2.350597609561753121e-01,7.112970711297070814e-01,0.000000000000000000e+00,1.000000000000000000e+00,0.000000000000000000e+00,6.535947450980392204e-02,2.094254867918891091e-03,5.962732623432756562e-02,1.506775951916759738e-03,1.368448299564625492e-01,1.249999908685065775e-01,1.185567075216737432e-01,1.675759963343414760e-01,7.530864154092361540e-01,5.025125771887069270e-02,8.262711713318732221e-01,1.583210665808463258e-01,2.856908699999999857e-01,8.747571874686858040e-01,1.000000000000000000e+00
8.844621513944223024e-01,7.280334728033472924e-01,0.000000000000000000e+00,0.000000000000000000e+00,0.000000000000000000e+00,1.960784313725490169e-02,6.101314423615924283e-04,5.341613929092301621e-02,1.500924672148577516e-03,9.036922588285749292e-02,8.441557967195145729e-02,6.480117919881310529e-02,1.231488620998016231e-01,8.148148069272973526e-01,1.256291420986557772e-03,8.453389677400532376e-01,1.163475654171755025e-01,4.454180300000000203e-01,8.098399651482300898e-01,1.000000000000000000e+00
