5.458167330677290430e-01,5.104602510460251041e-01,0.000000000000000000e+00,0.000000000000000000e+00,0.000000000000000000e+00,2.614379215686274752e-02,7.756494281639465718e-04,2.608695341074824051e-02,1.522805189416770639e-04,4.492641680639557211e-02,5.681818078881344797e-02,5.228276912899286477e-02,2.572096591672748400e-02,9.670781893385151928e-01,1.582914583659502661e-01,4.237288048333812673e-01,5.449189797870473279e-02,5.582011000000000056e-01,2.693333724248806460e-01,0.000000000000000000e+00
1.274900398406374480e-01,5.774058577405857262e-01,0.000000000000000000e+00,0.000000000000000000e+00,0.000000000000000000e+00,2.178649411764705529e-02,4.395344368655719263e-04,1.614906838825662036e-02,1.095351017637080838e-04,3.795507654392180769e-02,3.003246647700920716e-02,5.743740973904704755e-02,2.494154279215766642e-02,8.189300348803533192e-01,2.185929660456805701e-01,4.745762587438955848e-01,5.743740973904704755e-02,5.783388999999999891e-01,1.010488389393472408e-01,0.000000000000000000e+00
5.776892430278884882e-01,4.728033472803346848e-01,0.000000000000000000e+00,0.000000000000000000e+00,0.000000000000000000e+00,1.960783921568627283e-02,2.908685639211695340e-04,8.695648528220587328e-03,7.747609730791215005e-05,4.208623910414373975e-02,5.438311830857856660e-02,4.860088439910982550e-02,2.338269584153715441e-02,9.711934172915711594e-01,1.532663299935607959e-01,4.279660886867999725e-01,5.081001324882168657e-02,5.634920599999999613e-01,2.791425956047324797e-01,0.000000000000000000e+00
4.143426294820716782e-01,5.355648535564851986e-01,0.000000000000000000e+00,0.000000000000000000e+00,0.000000000000000000e+00,1.089324784313725446e-02,1.874487099744431124e-04,1.863353735195420399e-02,3.766941935580668814e-04,4.260263416274621268e-02,5.519480287991231082e-02,4.786450679039391809e-02,2.494154279215766642e-02,9.732510321940252007e-01,1.469849237680235232e-01,4.364406659275352762e-01,5.007363564010576529e-02,5.326279000000000430e-01,2.900368797984403946e-01,0.000000000000000000e+00
7.450199203187251040e-01,5.104602510460251041e-01,0.000000000000000000e+00,0.000000000000000000e+00,0.000000000000000000e+00,1.307189568627450948e-02,4.653899047184241185e-04,1.118012352918487141e-02,5.610336707904587219e-05,4.647560058793494264e-02,6.087662775262478454e-02,5.154639085753762173e-02,2.727981146438623883e-02,9.855967086457856352e-01,1.469849237680235232e-01,4.237288048333812673e-01,5.596465717257247813e-02,5.385802400000000434e-01,2.976590977017302686e-01,0.000000000000000000e+00
7.768924302788845493e-01,4.937238493723847821e-01,0.000000000000000000e+00,0.000000000000000000e+00,0.000000000000000000e+00,3.267973529411764139e-02,7.562583988311270822e-04,1.490683211758806609e-02,1.282363092402583429e-04,4.415182282422379367e-02,5.762987047378351213e-02,4.860088439910982550e-02,2.650038833981641778e-02,9.794238657902756273e-01,1.432160800327012262e-01,4.364406659275352762e-01,5.449189797870473279e-02,5.401234599999999997e-01,2.961829087072697098e-01,0.000000000000000000e+00
3.665338645418326768e-01,7.531380753138074147e-02,0.000000000000000000e+00,0.000000000000000000e+00,0.000000000000000000e+00,4.793034901960784022e-02,2.145975611714140332e-03,3.105593695304740068e-02,1.135431541079853128e-03,8.956881145062158822e-01,8.693181747620275512e-01,9.462444186579940242e-01,8.674980056898515812e-01,3.662551081923471341e-01,5.942211046895912174e-01,3.072033653897948136e-01,9.462444186579940242e-01,1.664843400000000084e-01,4.321626150050872361e-02,1.666666666666666297e-01
3.147410358565737032e-01,1.213389121338911969e-01,0.000000000000000000e+00,0.000000000000000000e+00,0.000000000000000000e+00,2.396512549019608196e-02,1.001982385927730531e-03,1.614907576713815046e-02,5.570123604119424365e-04,7.717531958715163620e-01,7.029220559827753512e-01,8.549337197722111092e-01,7.498050935368637537e-01,8.847735562033176571e-02,7.298994927290347601e-01,3.644067546143352487e-01,8.549337197722111092e-01,2.540512999999999799e-01,1.783914467052083452e-02,1.666666666666666297e-01
6.892430278884461581e-01,1.631799163179916135e-01,0.000000000000000000e+00,0.000000000000000000e+00,0.000000000000000000e+00,3.921573725490196116e-02,1.326562086602987032e-03,2.111803024111612997e-02,6.871233758908056651e-04,7.490317505509449525e-01,6.915584164646231269e-01,8.335788009309366142e-01,7.147310494238175993e-01,1.831275633554332594e-01,7.311557615369567165e-01,2.648305077878124192e-01,8.335788009309366142e-01,2.473367999999999955e-01,3.588937628330529650e-02,1.666666666666666297e-01
2.589641434262948128e-01,1.255230125523012774e-01,0.000000000000000000e+00,0.000000000000000000e+00,0.000000000000000000e+00,2.396517411764706104e-02,5.719595620496044797e-04,8.695717844986466591e-03,2.364035612897715714e-04,7.647818556090426600e-01,6.948052175746327608e-01,8.541973501163671045e-01,7.373343768562935496e-01,8.230444795000423086e-02,7.600502493955328953e-01,3.199152360178470489e-01,8.541973501163671045e-01,2.620456199999999791e-01,2.338919304167741062e-02,1.666666666666666297e-01
5.537848605577688765e-01,5.857740585774058595e-02,0.000000000000000000e+00,0.000000000000000000e+00,0.000000000000000000e+00,3.921563725490196523e-02,2.559649065858005026e-03,2.484470976119814573e-02,8.549019597942540628e-05,8.923315535966398482e-01,8.603896196396946250e-01,9.432990063085490151e-01,8.690568435212205900e-01,3.251028656988257381e-01,5.954773734975130628e-01,3.474576192006608166e-01,9.432990063085490151e-01,1.725036400000000136e-01,3.269132571106236895e-02,1.666666666666666297e-01
4.820717131474103745e-01,0.000000000000000000e+00,0.000000000000000000e+00,0.000000000000000000e+00,0.000000000000000000e+00,3.921568627450980338e-02,5.429628702728325545e-04,6.459630530457728670e-02,3.644049335468083767e-03,1.000000000000000000e+00,1.000000000000000000e+00,1.000000000000000000e+00,1.000000000000000000e+00,5.288065780787987169e-01,3.618090460783817686e-01,5.317796441548766628e-01,1.000000000000000000e+00,9.277301000000000297e-02,1.724018778842983934e-03,1.666666666666666297e-01
8.964143426294820527e-01,4.142259414225940573e-01,0.000000000000000000e+00,0.000000000000000000e+00,0.000000000000000000e+00,1.307189568627450948e-02,1.551298926136359714e-04,1.118012285837746006e-02,1.522806415676738231e-04,1.161889997270023137e-02,8.116882969830494518e-04,2.945508247823944853e-02,3.117692849019708303e-03,8.065843584285932177e-01,2.035175820591652862e-01,5.127118477466964253e-01,2.945508247823944853e-02,9.777778000000000302e-01,6.949126694030627327e-02,3.333333333333332593e-01
2.310756972111553398e-01,4.560669456066944738e-01,0.000000000000000000e+00,0.000000000000000000e+00,0.000000000000000000e+00,8.496732156862744911e-02,3.466101008662532575e-03,3.229812693800453161e-02,1.348769469762304456e-03,1.329718600456037125e-01,7.711038492605205852e-02,2.194403444812934589e-01,9.508962680936472456e-02,4.197530734339271485e-01,5.854271099688145297e-01,2.669491497145216607e-01,2.194403444812934589e-01,6.812664000000000497e-01,5.554042158343420327e-02,3.333333333333332593e-01
2.270916334661353952e-01,4.100418410041840600e-01,0.000000000000000000e+00,0.000000000000000000e+00,0.000000000000000000e+00,3.485838823529412156e-02,4.395344368655719263e-04,6.335403258670603555e-02,1.210229864594931622e-03,2.995094128430491817e-02,1.055194764162379999e-02,5.596465717257247813e-02,2.104442646782769821e-02,7.345679016575217268e-01,2.500000028266329832e-01,5.084745619864984301e-01,5.596465717257247813e-02,8.644823999999999842e-01,4.580586647121882155e-02,3.333333333333332593e-01
7.968127490039840499e-02,4.644351464435145793e-01,0.000000000000000000e+00,0.000000000000000000e+00,0.000000000000000000e+00,1.742919411764705731e-02,7.045187369414538303e-04,9.937887705721258624e-03,2.911910821758640928e-04,3.872967122322761892e-03,0.000000000000000000e+00,8.100147068481980753e-03,3.117692849019708303e-03,8.621399144985517626e-01,1.319095476960808755e-01,5.762711696157715169e-01,8.100147068481980753e-03,5.555556000000000383e-01,1.600991600833889805e-02,3.333333333333332593e-01
5.537848605577688765e-01,4.728033472803346848e-01,0.000000000000000000e+00,0.000000000000000000e+00,0.000000000000000000e+00,3.921568627450980338e-02,7.756497946583959437e-04,2.484472094132168102e-02,7.587314759005292812e-04,1.755744872370096701e-02,1.623376593966098904e-03,4.050073534240990897e-02,8.573655071748865000e-03,7.654320881572924673e-01,2.311557784967551432e-01,5.084745619864984301e-01,4.050073534240990897e-02,9.737654300000000429e-01,4.883137802392933241e-02,3.333333333333332593e-01
3.147410358565737032e-01,3.179916317991631769e-01,0.000000000000000000e+00,0.000000000000000000e+00,5.000000000000000000e-01,9.564270980392157728e-01,1.000000000000000000e+00,1.000000000000000000e+00,1.000000000000000000e+00,4.701781400519949861e-01,4.293831296316303892e-01,5.235640609457726802e-01,4.528449118364796799e-01,4.115226101204073617e-01,5.012562857677202999e-01,4.173728599854569232e-01,5.235640609457726802e-01,3.062812699999999944e-01,2.016780985658899947e-02,3.333333333333332593e-01
7.410358565737051872e-01,2.887029288702928631e-01,0.000000000000000000e+00,0.000000000000000000e+00,0.000000000000000000e+00,5.228755686274510345e-02,1.241039908802219231e-03,2.981366423517613218e-02,5.129435346236665971e-04,2.824683898518479674e-01,2.759740399677431677e-01,3.159057502510622117e-01,2.533125330222125160e-01,7.407407352537718204e-01,3.517587938562157235e-01,3.305084647191899871e-01,3.159057502510622117e-01,2.447296800000000050e-01,1.090187702252657237e-01,5.000000000000000000e-01
5.537848605577688765e-01,2.594142259414225493e-01,0.000000000000000000e+00,0.000000000000000000e+00,0.000000000000000000e+00,6.753809411764705173e-02,1.444616056924615975e-03,1.739129482041646552e-02,7.239952097957684952e-04,3.227472253368621757e-01,3.336039031363319252e-01,3.387334216588112623e-01,2.954013859578679124e-01,8.580246883973478011e-01,2.726130674998735737e-01,3.432203353472422225e-01,3.387334216588112623e-01,1.761555999999999955e-01,1.574092193176465371e-01,5.000000000000000000e-01
3.107569721115537864e-01,7.112970711297070259e-02,0.000000000000000000e+00,0.000000000000000000e+00,0.000000000000000000e+00,1.677559607843137346e-01,6.565304947814680145e-03,1.863353846996655683e-02,4.748371454629967715e-04,4.350632621243458731e-01,3.904220642011195785e-01,5.243004637385827449e-01,3.834762249890498742e-01,3.950616834933680099e-01,6.758793686617768914e-01,1.398305197051851190e-01,5.243004637385827449e-01,3.245557800000000159e-01,7.161813004434545993e-02,5.000000000000000000e-01
8.605577689243026906e-01,5.732217573221757290e-01,0.000000000000000000e+00,0.000000000000000000e+00,0.000000000000000000e+00,8.061002352941176730e-02,4.453525362463010839e-03,2.360247729177159665e-02,3.660081602551543850e-04,2.026852626703411764e-01,1.566558469427284939e-01,2.754050149086523236e-01,1.699142495739906500e-01,4.691357607224490023e-01,5.326632886290757485e-01,3.050847425308819139e-01,2.754050149086523236e-01,4.837708000000000008e-01,5.429675069366341617e-02,5.000000000000000000e-01
7.529880478087649376e-01,3.933054393305439600e-01,0.000000000000000000e+00,0.000000000000000000e+00,0.000000000000000000e+00,7.407409019607841261e-02,4.007526574337989464e-03,4.844718705296975625e-02,1.210231812184292240e-03,3.188742623973436219e-01,3.011363449583088769e-01,3.733431401079296275e-01,2.782540926499113554e-01,6.419753051211702921e-01,4.685929688723137199e-01,2.351695017460857517e-01,3.733431401079296275e-01,2.959918400000000061e-01,9.912533466037030949e-02,5.000000000000000000e-01
9.123505976095616088e-01,4.435146443514644266e-01,0.000000000000000000e+00,0.000000000000000000e+00,0.000000000000000000e+00,1.285403372549019652e-01,1.621228231102324509e-03,3.229810904980689318e-02,6.208216922791500456e-04,2.721404677657774385e-01,2.451298786921276562e-01,3.298969195147501421e-01,2.369446691521536474e-01,5.884773398795902777e-01,4.736180554105334783e-01,2.817796432014867958e-01,3.298969195147501421e-01,3.350258799999999981e-01,7.871105902281866351e-02,5.000000000000000000e-01
6.334661354581673232e-01,4.142259414225940573e-01,0.000000000000000000e+00,0.000000000000000000e+00,0.000000000000000000e+00,3.267972549019607792e-02,1.206315606869431999e-03,9.937870935535967828e-03,1.963209027119965609e-04,2.205009131061475836e-01,1.988636258209121321e-01,2.606774826165134673e-01,1.987529213171340958e-01,6.481481387174207187e-01,3.706029955730290038e-01,3.940677797238582580e-01,2.606774826165134673e-01,3.074440999999999979e-01,6.369834812328789564e-02,6.666666666666665186e-01
8.207171314741036339e-01,4.351464435146443765e-01,0.000000000000000000e+00,0.000000000000000000e+00,0.000000000000000000e+00,4.139433333333333853e-02,5.752732477900385482e-04,3.726708364800722633e-03,2.404432006481577516e-05,8.520526832549241841e-03,3.246753260984144678e-03,1.914580192087038391e-02,2.338269654301803301e-03,8.497942343430876511e-01,1.658291447059417889e-01,5.317796441548766628e-01,1.914580192087038391e-02,9.333333400000000113e-01,8.625357168279972064e-02,6.666666666666665186e-01
4.860557768924302913e-01,5.899581589958159400e-01,0.000000000000000000e+00,0.000000000000000000e+00,0.000000000000000000e+00,0.000000000000000000e+00,0.000000000000000000e+00,0.000000000000000000e+00,0.000000000000000000e+00,0.000000000000000000e+00,0.000000000000000000e+00,0.000000000000000000e+00,0.000000000000000000e+00,8.930041121094342005e-01,1.092964830228402850e-01,5.826271018789500600e-01,0.000000000000000000e+00,0.000000000000000000e+00,4.690522913506116054e-01,6.666666666666665186e-01
2.231075697211155617e-01,3.263598326359832269e-01,0.000000000000000000e+00,0.000000000000000000e+00,0.000000000000000000e+00,6.753812549019606870e-02,2.280430208636563712e-03,1.378881864665722490e-01,3.392719708998410966e-03,1.185127844620537246e-01,9.496753169669210071e-02,1.627393176528768859e-01,9.431021140108455936e-02,6.707818804221911124e-01,3.655778751152121142e-01,3.792372671690967256e-01,1.627393176528768859e-01,4.774885200000000274e-01,7.435373527240006497e-02,6.666666666666665186e-01
2.111553784860557559e-01,5.104602510460251041e-01,0.000000000000000000e+00,0.000000000000000000e+00,0.000000000000000000e+00,6.100218431372548406e-02,1.758139143631618027e-03,1.118012487079969586e-02,2.484577977582813060e-04,3.743867939391725547e-02,2.678571431180426163e-02,5.964653858875892251e-02,2.416211896610697199e-02,7.983539043743328456e-01,2.324120586112093101e-01,4.724576130036268751e-01,5.964653858875892251e-02,6.304714000000000151e-01,8.950345809152317200e-02,6.666666666666665186e-01
7.768924302788845493e-01,3.514644351464434324e-01,0.000000000000000000e+00,0.000000000000000000e+00,0.000000000000000000e+00,6.753811764705883181e-02,1.961297662603115905e-03,2.981366647120083785e-02,9.124174835241152803e-04,5.318874401824148779e-02,4.951298604291408390e-02,7.142857237534187831e-02,3.741231488971737823e-02,8.456790063900315735e-01,2.160804058167721531e-01,4.512711689483985822e-01,7.142857237534187831e-02,5.125658499999999895e-01,1.448682642346683369e-01,6.666666666666665186e-01
4.422310756972112067e-01,7.782426778242675924e-01,0.000000000000000000e+00,0.000000000000000000e+00,0.000000000000000000e+00,1.655773843137254842e-01,5.224851499939615722e-03,1.105590050584468742e-01,2.252563532528926733e-03,3.508907839160583242e-01,3.262987083904326235e-01,4.123711162564719368e-01,3.094310036030863409e-01,5.781892838858396777e-01,5.125628181043406784e-01,2.266949149714521383e-01,4.123711162564719368e-01,2.963284899999999999e-01,8.520006436761790036e-02,8.333333333333331483e-01
9.681274900398405547e-01,7.656903765690376007e-01,0.000000000000000000e+00,0.000000000000000000e+00,0.000000000000000000e+00,6.753811764705883181e-02,1.995509919434048773e-03,5.093167882411931552e-02,1.469787983979562937e-03,3.467596234472385408e-01,3.246753114880249758e-01,4.086892547224649230e-01,3.024161947804770434e-01,5.987654143918601513e-01,5.138191095253271667e-01,2.033897965742605396e-01,4.086892547224649230e-01,3.008530700000000002e-01,9.435211959552330940e-02,8.333333333333331483e-01
3.386454183266932039e-01,7.615062761506276034e-01,0.000000000000000000e+00,0.000000000000000000e+00,0.000000000000000000e+00,1.285403647058823706e-01,2.883367679098856971e-03,4.968943293854452548e-02,1.305202040034935968e-03,4.280919218618720601e-01,3.920454611035271153e-01,5.073637959693387822e-01,3.787996764208985678e-01,4.629629641632371784e-01,6.231155473220379992e-01,1.588983161133652455e-01,5.073637959693387822e-01,2.995789600000000052e-01,7.812913365081874950e-02,8.333333333333331483e-01
7.490039840637450208e-01,7.364016736401676200e-01,0.000000000000000000e+00,0.000000000000000000e+00,0.000000000000000000e+00,4.793030196078432170e-02,1.751664408362775018e-03,6.832297140851106843e-02,1.723269840958410260e-03,3.382391119516379163e-01,3.222402490077901360e-01,3.969072209358820991e-01,2.915042878720409125e-01,6.481481387174207187e-01,4.949748512758522234e-01,1.843220001660804686e-01,3.969072209358820991e-01,3.057545700000000033e-01,1.081341139312396726e-01,8.333333333333331483e-01
8.127490039840636893e-01,7.489539748953973897e-01,0.000000000000000000e+00,0.000000000000000000e+00,0.000000000000000000e+00,5.010891372549018674e-02,1.741974644168793910e-03,3.602483329038302234e-02,8.106413685869130184e-04,3.449522337707896513e-01,3.271104031890388342e-01,4.020618615459361500e-01,3.016367793721970170e-01,6.316872306089005296e-01,4.886934733166458100e-01,2.118643833488941530e-01,4.020618615459361500e-01,2.907884399999999814e-01,1.006974412648729833e-01,8.333333333333331483e-01
3.466135458167330374e-01,7.071129707112969731e-01,0.000000000000000000e+00,0.000000000000000000e+00,0.000000000000000000e+00,5.882350588235295274e-02,1.635085717816028069e-03,8.571425057675462200e-02,2.083686183627957850e-03,3.514071789746608387e-01,3.303571239419064720e-01,4.131074991671023766e-01,3.063133279403482123e-01,6.049382665066298514e-01,5.138191095253271667e-01,1.970339089297254709e-01,4.131074991671023766e-01,3.009182000000000246e-01,9.678328889727730311e-02,8.333333333333331483e-01
1.115537848605577670e-01,7.698744769874477090e-01,0.000000000000000000e+00,0.000000000000000000e+00,0.000000000000000000e+00,1.742918941176471032e-02,7.045184228033546164e-04,1.366459003325527430e-02,4.908023289129306724e-04,1.117996417288812522e-01,1.055194837214327580e-01,8.836524014458585485e-02,1.426344507362602987e-01,8.045267435261389544e-01,1.758794421542372866e-02,8.283898132585825191e-01,1.347569990076804280e-01,3.423069400000000040e-01,8.291491756239468547e-01,1.000000000000000000e+00
9.402390438247012483e-01,7.531380753138074979e-01,0.000000000000000000e+00,0.000000000000000000e+00,0.000000000000000000e+00,3.921568627450980338e-02,5.429546503259008840e-04,3.354037058755460904e-02,7.293440115089546393e-04,5.112316308669753034e-02,3.896103986232921784e-02,3.608247565476822155e-02,7.872174189487941842e-02,7.818929962658125454e-01,4.522613499974735551e-02,8.050847329969836874e-01,7.437407750829103104e-02,5.358197000000000099e-01,8.623935342976160046e-01,1.000000000000000000e+00
2.470119521912350069e-01,8.744769874476987503e-01,0.000000000000000000e+00,0.000000000000000000e+00,0.000000000000000000e+00,1.198257254901960722e-01,2.663709492764701134e-02,8.198757329269729111e-02,4.392095037744281165e-03,5.706170974629620057e-02,4.788960813401291899e-02,4.270986883129698070e-02,8.106000916414624058e-02,8.024691267718331300e-01,5.025125771887069270e-02,7.754237078874606226e-01,7.658320635800289211e-02,4.867172799999999744e-01,8.569685072181635332e-01,1.000000000000000000e+00
3.984063745019920250e-03,9.790794979079497917e-01,0.000000000000000000e+00,0.000000000000000000e+00,0.000000000000000000e+00,7.407407058823527179e-02,3.774828253720267923e-03,7.080744976351242836e-02,2.364357686471582794e-03,4.466821648855821142e-02,4.545454565377804457e-02,3.976435905917260344e-02,4.910366175826463842e-02,8.827160450045722362e-01,9.547738819600508353e-02,6.165254070283324728e-01,4.786450679039391809e-02,1.910493799999999909e-01,7.946052701052018774e-01,1.000000000000000000e+00
4.063745019920318446e-01,8.577405857740585393e-01,0.000000000000000000e+00,0.000000000000000000e+00,0.000000000000000000e+00,3.485838588235293939e-02,1.137619189230508303e-03,4.844719376104385938e-02,8.255212398325014736e-04,1.014717266141511032e-01,7.954545471148169455e-02,9.057437562169089185e-02,1.340607830378555132e-01,6.893003997294612217e-01,7.914572974830176577e-02,8.432203258133439405e-01,1.266568400098907199e-01,4.316957599999999839e-01,9.226476811228360164e-01,1.000000000000000000e+00
2.231075697211155617e-01,6.945606694560668704e-01,0.000000000000000000e+00,0.000000000000000000e+00,0.000000000000000000e+00,3.703705686274509634e-02,9.630979007896034970e-04,3.229813141005394295e-02,1.239618988044109693e-03,1.365866254558210924e-01,1.152597409475670243e-01,1.222385889378601459e-01,1.722525238580662477e-01,6.810699364159416014e-01,7.035176103254962843e-02,8.665254060749426612e-01,1.627393176528768859e-01,3.589903999999999873e-01,9.162938158994577975e-01,1.000000000000000000e+00
