3.000000000000000000e+01,8.000000000000000000e+03,6.400000000000000000e+04,1.280000000000000000e+02,1.200000000000000000e+01,1.760000000000000000e+02,1.150000000000000000e+03
1.800000000000000000e+02,5.120000000000000000e+02,4.000000000000000000e+03,0.000000000000000000e+00,1.000000000000000000e+00,3.000000000000000000e+00,1.400000000000000000e+01
3.000000000000000000e+02,1.000000000000000000e+03,1.600000000000000000e+04,8.000000000000000000e+00,2.000000000000000000e+00,1.120000000000000000e+02,3.800000000000000000e+01
2.600000000000000000e+01,1.600000000000000000e+04,3.200000000000000000e+04,6.400000000000000000e+01,1.600000000000000000e+01,2.400000000000000000e+01,4.650000000000000000e+02
1.000000000000000000e+02,1.000000000000000000e+03,8.000000000000000000e+03,2.400000000000000000e+01,3.000000000000000000e+00,6.000000000000000000e+00,3.200000000000000000e+01
5.000000000000000000e+01,4.000000000000000000e+03,1.600000000000000000e+04,6.400000000000000000e+01,5.000000000000000000e+00,1.000000000000000000e+01,1.110000000000000000e+02
1.600000000000000000e+02,5.120000000000000000e+02,4.000000000000000000e+03,2.000000000000000000e+00,1.000000000000000000e+00,5.000000000000000000e+00,3.000000000000000000e+01
4.800000000000000000e+02,1.000000000000000000e+03,4.000000000000000000e+03,0.000000000000000000e+00,0.000000000000000000e+00,0.000000000000000000e+00,4.500000000000000000e+01
4.000000000000000000e+02,4.000000000000000000e+03,8.000000000000000000e+03,0.000000000000000000e+00,1.000000000000000000e+00,1.000000000000000000e+00,3.200000000000000000e+01
2.300000000000000000e+01,3.200000000000000000e+04,6.400000000000000000e+04,1.280000000000000000e+02,3.200000000000000000e+01,6.400000000000000000e+01,1.144000000000000000e+03
1.160000000000000000e+02,2.000000000000000000e+03,8.000000000000000000e+03,3.200000000000000000e+01,5.000000000000000000e+00,2.800000000000000000e+01,7.000000000000000000e+01
7.200000000000000000e+01,4.000000000000000000e+03,1.600000000000000000e+04,6.400000000000000000e+01,8.000000000000000000e+00,1.600000000000000000e+01,1.430000000000000000e+02
2.300000000000000000e+01,1.600000000000000000e+04,3.200000000000000000e+04,6.400000000000000000e+01,1.600000000000000000e+01,3.200000000000000000e+01,3.670000000000000000e+02
5.700000000000000000e+01,4.000000000000000000e+03,1.600000000000000000e+04,1.000000000000000000e+00,6.000000000000000000e+00,1.200000000000000000e+01,1.320000000000000000e+02
5.900000000000000000e+01,8.000000000000000000e+03,1.600000000000000000e+04,6.400000000000000000e+01,1.200000000000000000e+01,2.400000000000000000e+01,1.880000000000000000e+02
3.000000000000000000e+02,7.680000000000000000e+02,4.500000000000000000e+03,0.000000000000000000e+00,1.000000000000000000e+00,2.400000000000000000e+01,4.500000000000000000e+01
5.000000000000000000e+01,2.000000000000000000e+03,1.600000000000000000e+04,2.400000000000000000e+01,6.000000000000000000e+00,1.600000000000000000e+01,6.500000000000000000e+01
2.030000000000000000e+02,1.000000000000000000e+03,2.000000000000000000e+03,0.000000000000000000e+00,1.000000000000000000e+00,5.000000000000000000e+00,2.400000000000000000e+01
2.500000000000000000e+01,1.310000000000000000e+03,2.620000000000000000e+03,1.310000000000000000e+02,1.200000000000000000e+01,2.400000000000000000e+01,2.740000000000000000e+02
2.000000000000000000e+02,2.000000000000000000e+03,8.000000000000000000e+03,6.400000000000000000e+01,1.000000000000000000e+00,5.000000000000000000e+00,4.100000000000000000e+01
2.600000000000000000e+01,8.000000000000000000e+03,3.200000000000000000e+04,0.000000000000000000e+00,8.000000000000000000e+00,2.400000000000000000e+01,2.770000000000000000e+02
5.000000000000000000e+01,2.000000000000000000e+03,3.200000000000000000e+04,4.800000000000000000e+01,2.600000000000000000e+01,5.200000000000000000e+01,2.080000000000000000e+02
2.900000000000000000e+01,8.000000000000000000e+03,1.600000000000000000e+04,3.200000000000000000e+01,8.000000000000000000e+00,1.600000000000000000e+01,1.320000000000000000e+02
1.100000000000000000e+02,3.100000000000000000e+03,6.200000000000000000e+03,0.000000000000000000e+00,6.000000000000000000e+00,6.400000000000000000e+01,7.600000000000000000e+01
3.800000000000000000e+01,1.600000000000000000e+04,3.200000000000000000e+04,1.280000000000000000e+02,1.600000000000000000e+01,3.200000000000000000e+01,5.100000000000000000e+02
1.400000000000000000e+02,2.000000000000000000e+03,4.000000000000000000e+03,8.000000000000000000e+00,1.000000000000000000e+00,2.000000000000000000e+01,2.200000000000000000e+01
2.300000000000000000e+01,1.600000000000000000e+04,6.400000000000000000e+04,6.400000000000000000e+01,1.600000000000000000e+01,3.200000000000000000e+01,6.360000000000000000e+02
1.150000000000000000e+02,2.000000000000000000e+03,8.000000000000000000e+03,1.600000000000000000e+01,1.000000000000000000e+00,3.000000000000000000e+00,5.000000000000000000e+01
1.500000000000000000e+03,7.680000000000000000e+02,1.000000000000000000e+03,0.000000000000000000e+00,0.000000000000000000e+00,0.000000000000000000e+00,1.200000000000000000e+01
1.050000000000000000e+02,2.000000000000000000e+03,8.000000000000000000e+03,1.600000000000000000e+01,4.000000000000000000e+00,1.400000000000000000e+01,5.800000000000000000e+01
5.600000000000000000e+01,4.000000000000000000e+03,1.200000000000000000e+04,0.000000000000000000e+00,1.000000000000000000e+00,8.000000000000000000e+00,4.200000000000000000e+01
1.800000000000000000e+02,2.620000000000000000e+02,4.000000000000000000e+03,0.000000000000000000e+00,1.000000000000000000e+00,3.000000000000000000e+00,1.800000000000000000e+01
3.000000000000000000e+02,7.680000000000000000e+02,1.200000000000000000e+04,6.000000000000000000e+00,6.000000000000000000e+00,2.400000000000000000e+01,5.000000000000000000e+01
3.200000000000000000e+02,1.280000000000000000e+02,6.000000000000000000e+03,0.000000000000000000e+00,1.000000000000000000e+00,1.200000000000000000e+01,2.300000000000000000e+01
1.800000000000000000e+02,2.000000000000000000e+03,1.600000000000000000e+04,1.600000000000000000e+01,1.000000000000000000e+00,6.000000000000000000e+00,6.600000000000000000e+01
7.000000000000000000e+01,4.000000000000000000e+03,1.200000000000000000e+04,8.000000000000000000e+00,6.000000000000000000e+00,8.000000000000000000e+00,7.500000000000000000e+01
1.850000000000000000e+02,2.000000000000000000e+03,1.600000000000000000e+04,1.600000000000000000e+01,1.000000000000000000e+00,6.000000000000000000e+00,7.600000000000000000e+01
1.400000000000000000e+02,2.000000000000000000e+03,4.000000000000000000e+03,0.000000000000000000e+00,4.000000000000000000e+00,8.000000000000000000e+00,4.000000000000000000e+01
7.500000000000000000e+01,2.000000000000000000e+03,8.000000000000000000e+03,8.000000000000000000e+00,3.000000000000000000e+00,2.400000000000000000e+01,6.200000000000000000e+01
2.500000000000000000e+02,5.120000000000000000e+02,4.000000000000000000e+03,0.000000000000000000e+00,4.000000000000000000e+00,7.000000000000000000e+00,5.000000000000000000e+01
2.600000000000000000e+01,8.000000000000000000e+03,1.600000000000000000e+04,0.000000000000000000e+00,8.000000000000000000e+00,1.600000000000000000e+01,1.850000000000000000e+02
