I,0.49,0.4,0.135,0.624,0.3035,0.1285,0.16899999999999998,8
M,0.5,0.42,0.125,0.62,0.255,0.15,0.205,11
I,0.265,0.205,0.07,0.1055,0.039,0.041,0.035,5
F,0.635,0.525,0.18,1.3695,0.634,0.318,0.363,11
I,0.59,0.475,0.145,0.9745,0.4675,0.207,0.259,10
F,0.75,0.55,0.195,1.8325,0.83,0.366,0.44,11
M,0.575,0.455,0.155,1.013,0.4685,0.2085,0.295,11
M,0.58,0.45,0.16,0.8675,0.3935,0.221,0.215,9
I,0.41,0.325,0.1,0.3245,0.132,0.07200000000000001,0.106,6
M,0.55,0.44,0.135,0.879,0.368,0.2095,0.265,10
F,0.615,0.485,0.16,1.1575,0.5005,0.2495,0.315,10
F,0.545,0.435,0.15,0.6855,0.2905,0.145,0.225,10
M,0.695,0.53,0.21,1.51,0.664,0.4095,0.385,10
F,0.645,0.51,0.16,1.2415,0.5815,0.276,0.315,9
F,0.645,0.49,0.16,1.144,0.5015,0.289,0.319,8
F,0.6,0.47,0.19,1.1345,0.4920000000000001,0.2595,0.3375,10
M,0.63,0.515,0.16,1.016,0.4215,0.244,0.355,19
M,0.545,0.39,0.135,0.7835,0.4225,0.1815,0.156,7
I,0.52,0.38,0.115,0.6645,0.3285,0.17,0.1425,7
I,0.275,0.205,0.075,0.1105,0.045,0.0285,0.035,6
F,0.53,0.385,0.125,0.6695,0.289,0.151,0.18,10
M,0.7,0.53,0.19,1.3185,0.5479999999999999,0.233,0.42,18
M,0.485,0.37,0.155,0.968,0.419,0.2455,0.2365,9
F,0.61,0.495,0.16,1.089,0.469,0.198,0.384,11
F,0.64,0.5,0.17,1.12,0.4955,0.2645,0.32,12
F,0.345,0.25,0.09,0.203,0.078,0.059,0.055,6
M,0.35,0.275,0.11,0.2925,0.1225,0.0635,0.0905,8
M,0.555,0.405,0.19,1.406,0.6115,0.342,0.389,10
I,0.25,0.19,0.06,0.0765,0.036000000000000004,0.0115,0.0245,6
F,0.5,0.395,0.14,0.7155,0.3165,0.17600000000000002,0.24,10
I,0.515,0.4,0.135,0.6965,0.32,0.1255,0.175,9
I,0.25,0.175,0.06,0.0635,0.0275,0.008,0.02,4
I,0.295,0.21,0.08,0.1,0.038,0.026,0.031,8
F,0.525,0.43,0.135,0.8435,0.4325,0.18,0.1815,9
M,0.665,0.505,0.16,1.289,0.6145,0.253,0.3665,11
I,0.315,0.235,0.075,0.1285,0.051,0.028,0.0405,4
F,0.58,0.43,0.17,1.48,0.6535,0.324,0.4155,10
F,0.57,0.45,0.18,0.908,0.4015,0.217,0.255,9
I,0.315,0.23,0.07,0.1145,0.046,0.0235,0.0385,5
F,0.555,0.44,0.145,0.8815,0.43,0.1975,0.2155,8
I,0.345,0.255,0.095,0.1945,0.0925,0.037000000000000005,0.055,6
F,0.57,0.495,0.16,1.0915,0.452,0.275,0.315,14
F,0.62,0.49,0.16,1.056,0.493,0.244,0.2725,9
M,0.55,0.42,0.17,0.8465,0.336,0.2405,0.245,13
M,0.565,0.465,0.15,1.1285,0.377,0.3525,0.33,16
M,0.42,0.335,0.115,0.369,0.171,0.071,0.12,8
F,0.54,0.435,0.175,0.892,0.322,0.174,0.335,13
M,0.62,0.47,0.145,1.0865,0.511,0.2715,0.2565,10
F,0.575,0.485,0.165,1.0405,0.419,0.264,0.3,14
M,0.7,0.525,0.175,1.7585,0.8745,0.3615,0.47,10
M,0.645,0.51,0.16,1.33,0.6665,0.309,0.317,9
M,0.55,0.43,0.13,0.8395,0.3155,0.1955,0.2405,10
I,0.375,0.245,0.1,0.394,0.166,0.091,0.1125,6
I,0.41,0.3,0.09,0.304,0.129,0.071,0.0955,8
I,0.415,0.315,0.09,0.3625,0.175,0.0835,0.093,6
I,0.375,0.275,0.1,0.2325,0.1165,0.042,0.065,6
M,0.41,0.335,0.115,0.4405,0.19,0.085,0.135,8
I,0.555,0.435,0.145,0.6975,0.262,0.1575,0.24,11
F,0.61,0.48,0.19,1.2955,0.5215,0.3225,0.365,12
F,0.71,0.57,0.195,1.9805,0.9925,0.4925,0.48,12
I,0.4,0.32,0.095,0.348,0.194,0.053,0.087,6
M,0.53,0.415,0.175,0.7395,0.261,0.1395,0.2645,17
M,0.645,0.51,0.16,1.1835,0.556,0.2385,0.345,11
M,0.575,0.45,0.185,0.925,0.342,0.197,0.35,12
F,0.62,0.48,0.18,1.2215,0.5820000000000001,0.2695,0.313,12
F,0.58,0.46,0.185,1.017,0.3515,0.2,0.32,10
F,0.57,0.43,0.16,0.8109999999999999,0.3875,0.159,0.2285,9
M,0.66,0.51,0.175,1.218,0.5055,0.303,0.37,11
F,0.71,0.575,0.175,1.555,0.6465,0.3705,0.52,15
I,0.32,0.24,0.07,0.133,0.0585,0.0255,0.041,6
F,0.4,0.32,0.11,0.353,0.1405,0.0985,0.1,8
I,0.485,0.365,0.105,0.5205,0.195,0.123,0.182,8
M,0.63,0.485,0.175,1.3,0.4335,0.2945,0.46,23
F,0.475,0.38,0.145,0.57,0.16699999999999998,0.118,0.187,11
I,0.565,0.43,0.135,0.8545,0.321,0.1775,0.275,11
I,0.19,0.13,0.045,0.0265,0.009000000000000001,0.005,0.009000000000000001,5
I,0.23,0.175,0.065,0.0645,0.026,0.0105,0.02,5
F,0.585,0.47,0.17,1.099,0.3975,0.2325,0.358,20
I,0.535,0.4,0.135,0.775,0.368,0.208,0.2055,8
I,0.61,0.48,0.165,1.097,0.4215,0.264,0.335,13
I,0.52,0.425,0.17,0.6805,0.28,0.174,0.195,10
I,0.51,0.405,0.12,0.61,0.229,0.131,0.235,11
I,0.23,0.17,0.05,0.057,0.026,0.013,0.016,5
I,0.59,0.47,0.145,0.974,0.453,0.236,0.289,8
I,0.545,0.405,0.13,0.6579999999999999,0.327,0.1445,0.174,8
I,0.365,0.27,0.085,0.197,0.0815,0.0325,0.065,6
F,0.415,0.34,0.13,0.3675,0.146,0.0885,0.12,10
F,0.59,0.455,0.155,1.0659999999999998,0.382,0.2275,0.415,20
M,0.325,0.24,0.075,0.155,0.0475,0.0355,0.06,9
F,0.58,0.45,0.17,0.9705,0.4615,0.232,0.248,9
I,0.425,0.325,0.11,0.3335,0.173,0.045,0.1,7
F,0.47,0.355,0.1,0.4755,0.1675,0.0805,0.185,10
I,0.54,0.42,0.14,0.7265,0.3205,0.1445,0.229,9
F,0.565,0.49,0.155,0.9245,0.405,0.2195,0.255,11
M,0.56,0.42,0.195,0.8085,0.3025,0.1795,0.285,14
F,0.585,0.45,0.16,1.077,0.4995,0.2875,0.25,10
I,0.465,0.37,0.115,0.4075,0.1515,0.0935,0.1455,9
F,0.505,0.39,0.115,0.66,0.3045,0.1555,0.175,8
F,0.645,0.49,0.19,1.3065,0.479,0.3565,0.345,18
I,0.38,0.3,0.1,0.28600000000000003,0.1305,0.056,0.09,7
F,0.515,0.395,0.14,0.6859999999999999,0.281,0.1255,0.22,12
I,0.61,0.425,0.155,1.0485,0.507,0.1955,0.274,11
M,0.63,0.485,0.16,1.243,0.623,0.275,0.3,10
I,0.405,0.3,0.12,0.324,0.1265,0.07,0.11,7
I,0.375,0.285,0.09,0.257,0.1045,0.062,0.075,7
F,0.54,0.425,0.16,0.9455,0.3675,0.2005,0.295,9
M,0.6,0.47,0.155,1.036,0.4375,0.196,0.325,20
F,0.66,0.5,0.165,1.1905,0.4585,0.298,0.37,12
F,0.605,0.46,0.17,1.122,0.34700000000000003,0.3045,0.315,13
F,0.705,0.535,0.22,1.866,0.929,0.3835,0.4395,10
F,0.68,0.55,0.175,1.473,0.713,0.282,0.4295,11
F,0.63,0.495,0.19,1.1655,0.536,0.2115,0.1625,10
F,0.66,0.495,0.21,1.548,0.7240000000000001,0.3525,0.3925,10
F,0.45,0.325,0.135,0.438,0.1805,0.1165,0.11,9
I,0.45,0.345,0.11,0.47,0.2355,0.0855,0.1135,7
M,0.695,0.55,0.215,1.9565,0.7125,0.541,0.59,14
M,0.595,0.48,0.185,1.1785,0.526,0.2975,0.314,10
F,0.61,0.465,0.16,1.0725,0.4835,0.2515,0.28,10
M,0.49,0.395,0.135,0.5545,0.213,0.0925,0.215,14
I,0.275,0.2,0.065,0.1035,0.0475,0.0205,0.03,7
I,0.56,0.42,0.14,0.8370000000000001,0.414,0.214,0.2,8
F,0.65,0.49,0.155,1.122,0.545,0.228,0.3055,9
I,0.265,0.2,0.065,0.0975,0.04,0.0205,0.028,7
M,0.635,0.49,0.175,1.375,0.623,0.2705,0.395,11
F,0.62,0.51,0.18,1.3315,0.594,0.276,0.388,11
F,0.59,0.455,0.175,0.966,0.391,0.2455,0.31,10
M,0.65,0.515,0.185,1.3745,0.75,0.1805,0.369,12
M,0.62,0.495,0.195,1.5145,0.579,0.34600000000000003,0.5195,15
I,0.295,0.22,0.085,0.1285,0.0585,0.027000000000000003,0.0365,5
F,0.61,0.485,0.17,1.1005,0.5125,0.229,0.305,11
M,0.495,0.415,0.165,0.7485,0.264,0.134,0.285,13
M,0.445,0.34,0.12,0.4475,0.193,0.1035,0.13,9
I,0.16,0.12,0.035,0.021,0.0075,0.0045,0.005,5
I,0.61,0.49,0.16,1.1545,0.5865,0.2385,0.2915,11
M,0.515,0.4,0.14,0.6335,0.28800000000000003,0.145,0.168,9
F,0.57,0.465,0.16,0.8935,0.3145,0.2575,0.263,10
M,0.535,0.405,0.185,0.8345,0.3175,0.1725,0.29,16
F,0.635,0.52,0.165,1.3405,0.5065,0.29600000000000004,0.412,11
M,0.47,0.37,0.105,0.4665,0.2025,0.1015,0.155,10
F,0.625,0.485,0.135,1.3025,0.61,0.2675,0.3605,14
F,0.475,0.375,0.125,0.5785,0.2775,0.085,0.155,10
F,0.625,0.48,0.2,1.3235,0.6075,0.3055,0.355,9
M,0.65,0.52,0.19,1.3445,0.519,0.306,0.4465,16
M,0.625,0.495,0.175,1.2935,0.5805,0.317,0.355,9
F,0.435,0.35,0.125,0.459,0.197,0.1145,0.145,9
M,0.615,0.525,0.155,1.1375,0.3670000000000001,0.236,0.37,20
M,0.625,0.49,0.185,1.169,0.5275,0.2535,0.344,11
F,0.595,0.455,0.16,1.04,0.452,0.2655,0.28800000000000003,9
M,0.49,0.39,0.135,0.5920000000000001,0.242,0.096,0.1835,15
F,0.52,0.4,0.13,0.6245,0.215,0.2065,0.17,15
I,0.415,0.33,0.09,0.3595,0.17,0.081,0.09,6
I,0.405,0.3,0.09,0.269,0.103,0.067,0.11,6
I,0.24,0.175,0.045,0.07,0.0315,0.0235,0.02,5
M,0.585,0.46,0.15,1.206,0.581,0.21600000000000005,0.32299999999999995,10
I,0.3,0.22,0.09,0.1425,0.057,0.0335,0.043,7
M,0.735,0.59,0.205,2.087,0.909,0.474,0.625,12
F,0.47,0.355,0.13,0.5465,0.2005,0.126,0.185,14
F,0.63,0.48,0.175,1.3675,0.5015,0.3035,0.515,17
I,0.275,0.2,0.065,0.092,0.0385,0.0235,0.027000000000000003,5
M,0.72,0.55,0.205,2.125,1.1455,0.4425,0.511,13
F,0.54,0.475,0.155,0.928,0.394,0.194,0.26,11
F,0.585,0.45,0.17,0.8685,0.3325,0.1635,0.27,22
M,0.58,0.465,0.175,1.035,0.401,0.1865,0.385,17
M,0.31,0.245,0.095,0.15,0.0525,0.034,0.048,7
F,0.49,0.39,0.135,0.5785,0.2465,0.123,0.2,13
I,0.49,0.38,0.12,0.529,0.2165,0.139,0.155,11
M,0.635,0.525,0.185,1.4065,0.684,0.3,0.3745,10
I,0.365,0.255,0.08,0.1985,0.0785,0.0345,0.053,5
I,0.475,0.36,0.11,0.452,0.191,0.099,0.13,8
I,0.425,0.31,0.095,0.3505,0.1645,0.071,0.1,8
M,0.56,0.455,0.155,0.797,0.34,0.19,0.2425,11
M,0.59,0.44,0.135,0.966,0.439,0.2145,0.2605,10
F,0.71,0.555,0.17,1.47,0.5375,0.38,0.431,12
M,0.715,0.565,0.175,1.9525,0.7645,0.4185,0.4135,10
M,0.55,0.425,0.155,0.9175,0.2775,0.243,0.335,13
I,0.42,0.315,0.1,0.3435,0.157,0.0795,0.09,6
F,0.44,0.34,0.1,0.451,0.188,0.087,0.13,10
F,0.38,0.305,0.105,0.281,0.1045,0.0615,0.09,12
F,0.575,0.47,0.155,1.116,0.509,0.238,0.34,10
F,0.695,0.55,0.155,1.8495,0.767,0.442,0.4175,10
I,0.335,0.26,0.09,0.1835,0.078,0.024,0.065,11
F,0.735,0.565,0.225,2.037,0.87,0.5145,0.5675,13
I,0.45,0.335,0.105,0.447,0.2335,0.153,0.119,7
M,0.4,0.31,0.11,0.314,0.138,0.057,0.1,11
M,0.36,0.27,0.1,0.217,0.0885,0.0495,0.0715,6
F,0.655,0.545,0.165,1.6225,0.6555,0.299,0.513,12
M,0.655,0.525,0.185,1.259,0.487,0.2215,0.445,20
F,0.58,0.46,0.18,1.0515,0.4095,0.2595,0.276,8
M,0.235,0.17,0.055,0.0515,0.018000000000000002,0.0105,0.0195,7
F,0.63,0.495,0.145,1.147,0.5455,0.266,0.2885,9
F,0.595,0.48,0.15,1.11,0.498,0.228,0.33,10
F,0.5,0.37,0.135,0.45,0.1715,0.1055,0.155,9
F,0.67,0.54,0.2,1.46,0.6435,0.328,0.4165,9
I,0.52,0.4,0.145,0.66,0.267,0.1055,0.22,13
M,0.725,0.57,0.19,2.55,1.0705,0.483,0.725,14
I,0.275,0.205,0.065,0.101,0.041,0.021,0.034,5
M,0.635,0.48,0.145,1.181,0.665,0.229,0.225,10
F,0.61,0.495,0.19,1.213,0.464,0.306,0.365,15
I,0.32,0.205,0.08,0.181,0.08800000000000001,0.034,0.0495,5
F,0.735,0.565,0.205,2.1275,0.949,0.46,0.565,12
I,0.255,0.18,0.055,0.083,0.031,0.0215,0.02,4
F,0.615,0.475,0.155,1.004,0.4475,0.193,0.2895,10
F,0.38,0.29,0.105,0.257,0.099,0.051,0.085,10
M,0.7,0.55,0.2,1.523,0.693,0.306,0.4405,13
I,0.355,0.28,0.085,0.2905,0.095,0.0395,0.115,7
I,0.55,0.425,0.135,0.6559999999999999,0.257,0.17,0.203,10
F,0.635,0.5,0.18,1.2565,0.539,0.292,0.35,10
M,0.59,0.49,0.135,1.008,0.422,0.2245,0.285,11
M,0.555,0.41,0.125,0.599,0.2345,0.1465,0.194,8
I,0.56,0.44,0.13,0.7235,0.349,0.149,0.2,8
I,0.555,0.425,0.145,0.7905,0.3485,0.1765,0.225,9
F,0.51,0.39,0.105,0.612,0.187,0.15,0.195,13
M,0.635,0.475,0.17,1.1935,0.5205,0.2695,0.3665,10
M,0.37,0.28,0.105,0.234,0.0905,0.0585,0.075,9
I,0.52,0.39,0.13,0.5545,0.2355,0.1095,0.1895,7
M,0.54,0.41,0.13,0.56,0.2375,0.1065,0.175,7
F,0.52,0.375,0.135,0.5375,0.221,0.117,0.17,8
M,0.405,0.31,0.1,0.385,0.173,0.0915,0.11,7
F,0.655,0.51,0.155,1.2895,0.5345,0.2855,0.41,11
M,0.63,0.51,0.19,1.4985,0.4125,0.3075,0.545,16
M,0.65,0.51,0.175,1.155,0.4955,0.2025,0.385,12
I,0.42,0.305,0.1,0.3415,0.1645,0.0775,0.086,7
M,0.425,0.335,0.1,0.4085,0.1755,0.092,0.135,9
F,0.635,0.51,0.17,1.2235,0.532,0.271,0.354,9
F,0.59,0.465,0.16,1.1005,0.506,0.2525,0.295,13
M,0.64,0.51,0.19,1.6130000000000002,0.6215,0.361,0.47,14
I,0.375,0.29,0.14,0.3,0.14,0.0625,0.0825,8
I,0.435,0.355,0.125,0.4075,0.1535,0.07400000000000001,0.165,9
F,0.54,0.475,0.155,1.217,0.5305,0.3075,0.34,16
I,0.475,0.36,0.125,0.4905,0.205,0.1305,0.125,8
I,0.475,0.42,0.16,0.7095,0.35,0.1505,0.1845,8
F,0.54,0.42,0.14,0.8035,0.38,0.1805,0.21,9
I,0.475,0.365,0.115,0.49,0.223,0.1235,0.1335,9
F,0.6,0.475,0.16,1.0265,0.485,0.2495,0.2565,9
M,0.53,0.42,0.165,0.8945,0.319,0.239,0.245,11
F,0.65,0.51,0.185,1.375,0.531,0.384,0.3985,10
M,0.61,0.47,0.15,1.1625,0.565,0.258,0.3085,11
F,0.67,0.55,0.19,1.3905,0.5425,0.3035,0.4,12
I,0.355,0.27,0.075,0.1775,0.079,0.0315,0.054000000000000006,6
I,0.365,0.27,0.105,0.2155,0.0915,0.0475,0.063,6
M,0.7,0.55,0.175,1.4405,0.6565,0.2985,0.375,12
I,0.395,0.3,0.12,0.2995,0.1265,0.068,0.0895,8
I,0.395,0.3,0.09,0.279,0.134,0.049,0.075,8
M,0.615,0.46,0.17,1.0565,0.4815,0.272,0.27,10
M,0.58,0.46,0.155,1.4395,0.6715,0.273,0.2955,10
M,0.67,0.525,0.2,1.7405,0.6205,0.297,0.657,11
F,0.575,0.46,0.19,0.994,0.392,0.2425,0.34,13
F,0.37,0.275,0.085,0.2405,0.104,0.0535,0.07,5
F,0.64,0.5,0.18,1.4995,0.593,0.314,0.431,11
I,0.33,0.245,0.065,0.1445,0.058,0.032,0.0505,6
I,0.365,0.27,0.085,0.1875,0.081,0.042,0.058,6
I,0.43,0.315,0.095,0.378,0.175,0.08,0.1045,8
I,0.4,0.315,0.09,0.33,0.151,0.068,0.08,6
I,0.415,0.31,0.09,0.2815,0.1245,0.0615,0.085,6
M,0.5,0.405,0.14,0.6155,0.241,0.1355,0.205,9
M,0.545,0.45,0.15,0.8795,0.387,0.15,0.2625,11
F,0.56,0.455,0.16,0.967,0.4525,0.207,0.274,9
M,0.575,0.455,0.145,1.165,0.581,0.2275,0.3,14
M,0.63,0.485,0.165,1.233,0.6565,0.2315,0.3035,10
I,0.575,0.455,0.155,0.8725,0.349,0.2095,0.285,8
F,0.545,0.425,0.125,0.768,0.294,0.1495,0.26,16
I,0.37,0.29,0.095,0.249,0.1045,0.058,0.067,6
F,0.565,0.45,0.145,0.8495,0.4215,0.1685,0.225,8
F,0.535,0.4,0.15,1.224,0.618,0.275,0.2875,10
F,0.565,0.45,0.165,0.887,0.37,0.239,0.249,11
I,0.45,0.34,0.095,0.3245,0.1385,0.064,0.105,8
F,0.605,0.505,0.18,1.4340000000000002,0.7285,0.264,0.431,11
F,0.58,0.435,0.15,0.8390000000000001,0.3485,0.207,0.192,7
F,0.63,0.5,0.155,1.005,0.3670000000000001,0.199,0.36,16
M,0.59,0.45,0.155,0.8740000000000001,0.369,0.2135,0.24,8
I,0.52,0.4,0.13,0.5825,0.233,0.1365,0.18,10
I,0.375,0.285,0.1,0.239,0.105,0.0555,0.07,8
I,0.4,0.315,0.09,0.3245,0.151,0.073,0.08800000000000001,8
F,0.59,0.485,0.205,1.2315,0.4525,0.238,0.42,13
I,0.395,0.29,0.095,0.304,0.127,0.084,0.077,6
F,0.75,0.565,0.215,1.938,0.7735,0.4825,0.575,11
M,0.6,0.465,0.18,1.193,0.5145,0.315,0.3055,8
I,0.34,0.265,0.07,0.185,0.0625,0.0395,0.07,7
F,0.375,0.27,0.135,0.597,0.272,0.131,0.1675,7
M,0.4,0.305,0.13,0.2935,0.096,0.0675,0.105,9
M,0.575,0.44,0.145,0.87,0.3945,0.2195,0.225,8
F,0.485,0.375,0.145,0.5885,0.2385,0.1155,0.19,13
M,0.575,0.47,0.165,0.853,0.292,0.179,0.35,16
M,0.5,0.375,0.15,0.636,0.2535,0.145,0.19,10
F,0.62,0.475,0.16,1.3245,0.6865,0.233,0.3275,9
F,0.53,0.425,0.13,0.7585,0.325,0.197,0.205,8
M,0.475,0.365,0.14,0.6175,0.202,0.1445,0.19,16
F,0.6,0.47,0.15,0.922,0.363,0.194,0.305,10
F,0.525,0.41,0.15,0.708,0.274,0.151,0.25,12
M,0.35,0.265,0.09,0.1775,0.0575,0.042,0.068,12
M,0.595,0.465,0.15,0.919,0.4335,0.1765,0.262,9
I,0.28,0.21,0.085,0.1065,0.039,0.0295,0.03,4
F,0.8,0.63,0.195,2.526,0.933,0.59,0.62,23
F,0.55,0.425,0.135,0.8515,0.362,0.196,0.27,14
M,0.415,0.31,0.09,0.3245,0.1305,0.0735,0.115,8
M,0.565,0.465,0.175,0.995,0.3895,0.183,0.37,15
M,0.465,0.35,0.12,0.5205,0.2015,0.1625,0.185,11
M,0.56,0.43,0.145,0.8995,0.464,0.1775,0.234,9
M,0.58,0.46,0.15,1.0165,0.491,0.221,0.265,9
I,0.54,0.425,0.13,0.8155,0.3675,0.1365,0.246,11
I,0.475,0.35,0.12,0.4905,0.2035,0.13,0.135,7
M,0.69,0.53,0.21,1.5830000000000002,0.7355,0.405,0.3865,12
I,0.505,0.39,0.15,0.685,0.362,0.131,0.156,8
F,0.475,0.39,0.12,0.5305,0.2135,0.1155,0.17,10
I,0.51,0.405,0.125,0.6795,0.3465,0.1395,0.182,8
M,0.63,0.485,0.18,1.2435,0.5175,0.308,0.37,11
M,0.6,0.495,0.195,1.0575,0.384,0.19,0.375,26
I,0.315,0.235,0.08,0.18,0.08,0.045,0.047,5
F,0.71,0.565,0.195,1.817,0.785,0.4920000000000001,0.49,11
M,0.5,0.4,0.125,0.5975,0.27,0.1275,0.166,9
M,0.685,0.545,0.205,1.7925,0.8145,0.416,0.461,9
F,0.65,0.52,0.195,1.6275,0.6890000000000001,0.3905,0.4320000000000001,11
M,0.48,0.36,0.1,0.439,0.194,0.099,0.115,8
M,0.56,0.46,0.235,0.8395,0.3325,0.157,0.305,12
M,0.53,0.41,0.14,0.6809999999999999,0.3095,0.1415,0.1835,6
M,0.59,0.465,0.165,1.115,0.5165,0.273,0.275,10
M,0.55,0.385,0.13,0.7275,0.343,0.1625,0.19,8
M,0.4,0.305,0.085,0.297,0.108,0.0705,0.1,10
M,0.63,0.53,0.18,1.2795,0.618,0.256,0.315,9
M,0.57,0.45,0.14,0.795,0.3385,0.14800000000000002,0.245,9
I,0.535,0.45,0.155,0.8075,0.3655,0.14800000000000002,0.2595,10
I,0.25,0.19,0.065,0.0835,0.039,0.015,0.025,5
I,0.415,0.325,0.1,0.3335,0.1445,0.0715,0.095,7
M,0.57,0.46,0.155,1.0005,0.454,0.205,0.265,11
M,0.18,0.125,0.05,0.023,0.0085,0.0055,0.01,3
M,0.57,0.42,0.155,1.008,0.377,0.193,0.34,13
F,0.465,0.375,0.135,0.6,0.2225,0.129,0.23,16
M,0.72,0.585,0.22,1.914,0.9155,0.448,0.479,11
M,0.61,0.475,0.15,1.142,0.62,0.237,0.245,9
F,0.675,0.53,0.195,1.4985,0.62,0.375,0.425,9
M,0.505,0.39,0.12,0.653,0.3315,0.1385,0.16699999999999998,9
M,0.7,0.545,0.215,1.9125,0.8825,0.4385,0.506,10
F,0.61,0.47,0.145,1.153,0.403,0.29600000000000004,0.32,14
F,0.455,0.37,0.105,0.4925,0.21600000000000005,0.1245,0.135,9
I,0.44,0.35,0.135,0.435,0.1815,0.083,0.125,12
I,0.35,0.26,0.095,0.221,0.0985,0.043,0.07,8
F,0.555,0.425,0.14,0.963,0.44,0.224,0.24,7
F,0.49,0.4,0.145,0.6635,0.21,0.1295,0.2515,13
I,0.545,0.435,0.135,0.7715,0.3720000000000001,0.14800000000000002,0.227,8
I,0.32,0.24,0.09,0.1575,0.07,0.0265,0.0425,5
M,0.625,0.505,0.185,1.1565,0.52,0.2405,0.3535,10
I,0.3,0.225,0.075,0.1345,0.057,0.028,0.044,5
F,0.565,0.455,0.175,1.013,0.342,0.207,0.35,19
F,0.68,0.505,0.17,1.3435,0.657,0.297,0.355,12
F,0.545,0.41,0.115,0.6765,0.29,0.158,0.22,9
M,0.625,0.495,0.175,1.2075,0.531,0.281,0.3525,11
M,0.62,0.46,0.16,0.9505,0.4915,0.2,0.228,9
F,0.41,0.325,0.105,0.3635,0.159,0.077,0.12,10
I,0.42,0.31,0.1,0.2805,0.1125,0.0615,0.0925,8
I,0.425,0.325,0.1,0.398,0.1185,0.0645,0.0945,6
I,0.4,0.3,0.115,0.318,0.1335,0.0725,0.0935,6
I,0.35,0.26,0.085,0.174,0.0705,0.0345,0.06,10
F,0.5,0.375,0.115,0.5945,0.185,0.14800000000000002,0.19,11
M,0.56,0.43,0.155,0.8675,0.4,0.172,0.229,8
M,0.645,0.515,0.175,1.6115,0.6745,0.384,0.385,14
I,0.49,0.37,0.11,0.5379999999999999,0.271,0.1035,0.139,8
F,0.55,0.44,0.135,0.8435,0.434,0.1995,0.185,8
M,0.525,0.415,0.135,0.7945,0.394,0.189,0.202,7
M,0.53,0.415,0.13,0.8425,0.275,0.1945,0.265,20
M,0.515,0.42,0.14,0.769,0.2505,0.154,0.29,13
F,0.465,0.35,0.125,0.482,0.23,0.106,0.1095,6
I,0.435,0.34,0.11,0.407,0.1685,0.073,0.13,10
M,0.5,0.38,0.12,0.5765,0.273,0.135,0.145,9
M,0.66,0.53,0.195,1.5505,0.6505,0.3295,0.495,10
I,0.43,0.325,0.1,0.3645,0.1575,0.0825,0.105,7
I,0.445,0.335,0.1,0.4895,0.2745,0.086,0.1105,7
F,0.555,0.43,0.14,0.7545,0.3525,0.1835,0.2015,9
M,0.625,0.495,0.155,1.0485,0.487,0.212,0.3215,11
I,0.315,0.235,0.055,0.151,0.065,0.027000000000000003,0.039,6
F,0.62,0.48,0.23,1.0935,0.403,0.245,0.355,14
M,0.51,0.395,0.125,0.5805,0.244,0.1335,0.188,11
M,0.645,0.52,0.175,1.636,0.779,0.342,0.4320000000000001,11
I,0.31,0.24,0.105,0.2885,0.118,0.065,0.083,6
I,0.32,0.225,0.085,0.1415,0.0675,0.0295,0.0405,6
I,0.38,0.275,0.095,0.2425,0.106,0.0485,0.21,6
F,0.64,0.515,0.165,1.3115,0.4945,0.2555,0.41,10
I,0.21,0.15,0.045,0.04,0.0135,0.008,0.0105,4
I,0.245,0.205,0.06,0.0765,0.034,0.014,0.0215,4
I,0.46,0.34,0.1,0.386,0.1805,0.0875,0.0965,8
I,0.385,0.285,0.09,0.248,0.0935,0.066,0.07,6
M,0.455,0.35,0.11,0.458,0.2,0.111,0.1305,8
I,0.465,0.37,0.1,0.5055,0.234,0.11,0.14,7
F,0.655,0.5,0.22,1.359,0.642,0.3255,0.405,13
I,0.44,0.34,0.1,0.407,0.209,0.0735,0.103,7
M,0.5,0.4,0.13,0.7715,0.37,0.16,0.211,8
F,0.55,0.45,0.145,0.741,0.295,0.1435,0.2665,10
M,0.73,0.575,0.21,2.069,0.9285,0.409,0.643,11
I,0.46,0.355,0.11,0.436,0.1975,0.096,0.125,8
F,0.59,0.475,0.16,1.1015,0.4775,0.2555,0.295,13
M,0.535,0.44,0.15,0.6765,0.256,0.139,0.26,12
F,0.675,0.525,0.155,1.4785,0.628,0.3405,0.42,9
I,0.21,0.15,0.05,0.042,0.0175,0.0125,0.015,4
M,0.515,0.39,0.12,0.6125,0.302,0.1365,0.1415,8
M,0.445,0.35,0.14,0.5905,0.2025,0.158,0.19,14
I,0.435,0.34,0.12,0.396,0.1775,0.081,0.125,8
F,0.61,0.495,0.185,1.153,0.536,0.2905,0.245,8
F,0.66,0.53,0.17,1.3259999999999998,0.519,0.2625,0.44,13
M,0.55,0.425,0.16,0.97,0.2885,0.139,0.48,20
F,0.655,0.505,0.165,1.367,0.5835,0.3515,0.396,10
M,0.63,0.51,0.175,1.3415,0.6575,0.262,0.375,10
I,0.625,0.43,0.175,1.411,0.5720000000000001,0.297,0.395,12
M,0.58,0.44,0.175,1.2255,0.5405,0.2705,0.3265,10
I,0.565,0.43,0.15,0.8215,0.332,0.1685,0.29,11
I,0.57,0.44,0.13,0.7665,0.34700000000000003,0.1785,0.202,10
F,0.38,0.3,0.09,0.3215,0.1545,0.075,0.095,9
M,0.525,0.425,0.12,0.8665,0.2825,0.17600000000000002,0.29,18
I,0.56,0.455,0.145,0.974,0.547,0.1615,0.235,9
F,0.515,0.39,0.13,0.5755,0.1975,0.13,0.1845,9
I,0.4,0.3,0.11,0.2985,0.1375,0.071,0.075,6
M,0.72,0.58,0.19,2.0885,0.9955,0.478,0.5305,13
M,0.645,0.505,0.15,1.1605,0.519,0.2615,0.335,10
F,0.525,0.41,0.135,0.7905,0.4065,0.198,0.177,8
F,0.595,0.44,0.135,0.964,0.5005,0.1715,0.2575,10
F,0.63,0.48,0.165,1.2615,0.5505,0.277,0.3885,10
I,0.4,0.265,0.1,0.2775,0.1245,0.0605,0.08,9
F,0.57,0.44,0.125,0.865,0.3675,0.1725,0.27,12
M,0.63,0.505,0.225,1.525,0.56,0.3335,0.45,15
I,0.495,0.385,0.125,0.5125,0.2075,0.1155,0.172,10
F,0.53,0.42,0.17,0.828,0.41,0.208,0.1505,6
M,0.59,0.465,0.14,1.046,0.4695,0.263,0.263,7
F,0.5,0.4,0.125,0.6675,0.261,0.1315,0.22,10
F,0.68,0.52,0.185,1.494,0.615,0.3935,0.406,11
F,0.51,0.4,0.13,0.5735,0.219,0.1365,0.195,13
I,0.44,0.33,0.11,0.3705,0.1545,0.084,0.12,7
I,0.425,0.31,0.09,0.301,0.1385,0.065,0.08,7
I,0.28,0.12,0.075,0.117,0.0455,0.029,0.0345,4
I,0.51,0.4,0.15,0.745,0.2865,0.1675,0.235,13
I,0.47,0.38,0.125,0.4845,0.211,0.1075,0.142,6
M,0.65,0.485,0.16,1.7395,0.5715,0.2785,0.3075,10
M,0.5,0.39,0.125,0.5215,0.2485,0.117,0.131,6
F,0.62,0.485,0.175,1.271,0.531,0.3075,0.37,11
M,0.505,0.44,0.14,0.8275,0.3415,0.1855,0.239,8
M,0.6,0.455,0.17,1.1915,0.696,0.2395,0.24,8
F,0.505,0.38,0.13,0.693,0.391,0.1195,0.1515,8
M,0.545,0.415,0.14,0.82,0.4615,0.127,0.218,9
F,0.52,0.425,0.145,0.7,0.207,0.1905,0.24,13
I,0.575,0.45,0.145,0.795,0.364,0.1505,0.26,10
I,0.45,0.35,0.135,0.494,0.2205,0.0945,0.1405,7
M,0.54,0.42,0.135,0.8075,0.3485,0.1795,0.235,11
F,0.53,0.425,0.13,0.7170000000000001,0.2115,0.166,0.255,13
I,0.53,0.42,0.12,0.5965,0.2555,0.141,0.177,7
F,0.61,0.48,0.175,1.0675,0.391,0.21600000000000005,0.42,15
I,0.62,0.485,0.18,1.154,0.4935,0.256,0.315,12
F,0.72,0.575,0.215,2.226,0.8955,0.405,0.62,13
I,0.465,0.36,0.105,0.452,0.22,0.159,0.1035,9
F,0.455,0.365,0.115,0.4305,0.184,0.108,0.1245,8
M,0.585,0.45,0.18,0.7995,0.336,0.1855,0.237,8
I,0.42,0.325,0.115,0.354,0.1625,0.064,0.105,8
M,0.265,0.2,0.065,0.084,0.034,0.0105,0.03,7
F,0.635,0.5,0.175,1.477,0.684,0.3005,0.39,12
M,0.58,0.47,0.165,0.927,0.3215,0.1985,0.315,11
F,0.67,0.53,0.205,1.4015,0.643,0.2465,0.416,12
M,0.645,0.53,0.195,1.39,0.6465,0.2945,0.3735,10
I,0.52,0.395,0.145,0.77,0.424,0.142,0.1895,7
F,0.55,0.45,0.15,0.875,0.362,0.1755,0.2765,10
F,0.58,0.435,0.15,0.8340000000000001,0.428,0.1515,0.23,8
I,0.3,0.23,0.075,0.127,0.052000000000000005,0.03,0.0345,6
M,0.62,0.485,0.165,1.1325,0.5235,0.2505,0.2825,9
F,0.65,0.545,0.165,1.5659999999999998,0.6645,0.3455,0.415,16
M,0.535,0.415,0.135,0.78,0.3165,0.16899999999999998,0.2365,8
M,0.335,0.265,0.095,0.1975,0.0795,0.0375,0.07,9
I,0.5,0.395,0.12,0.537,0.2165,0.1085,0.1785,9
M,0.635,0.5,0.18,1.154,0.4405,0.2315,0.387,9
M,0.655,0.53,0.175,1.2635,0.486,0.2635,0.415,15
M,0.65,0.52,0.21,1.6785,0.6665,0.308,0.46,11
F,0.62,0.465,0.14,1.1605,0.6005,0.2195,0.307,9
I,0.25,0.185,0.065,0.071,0.027000000000000003,0.0185,0.0225,5
F,0.46,0.365,0.115,0.4485,0.165,0.083,0.17,14
I,0.34,0.26,0.09,0.179,0.076,0.0525,0.055,6
M,0.47,0.375,0.115,0.4265,0.1685,0.0755,0.15,8
F,0.58,0.45,0.155,0.93,0.385,0.246,0.265,9
M,0.55,0.45,0.175,1.0985,0.3765,0.215,0.4,14
F,0.62,0.51,0.205,1.3475,0.4775,0.2565,0.48,14
F,0.575,0.45,0.12,0.9585,0.447,0.16899999999999998,0.275,12
M,0.505,0.38,0.13,0.6559999999999999,0.227,0.1785,0.22,13
M,0.415,0.315,0.115,0.3895,0.2015,0.065,0.103,9
M,0.5,0.375,0.13,0.721,0.3055,0.1725,0.22,14
I,0.41,0.325,0.11,0.326,0.1325,0.075,0.101,8
F,0.635,0.5,0.15,1.376,0.6495,0.361,0.31,10
I,0.45,0.34,0.105,0.4385,0.21,0.0925,0.12,8
M,0.66,0.495,0.195,1.6275,0.594,0.3595,0.485,10
F,0.655,0.505,0.195,1.4405,0.688,0.3805,0.363,11
M,0.165,0.125,0.04,0.0245,0.0095,0.0045,0.008,4
I,0.335,0.25,0.08,0.1695,0.0695,0.044,0.0495,6
I,0.605,0.48,0.155,0.9995,0.425,0.1985,0.3,10
F,0.425,0.325,0.135,0.382,0.1465,0.079,0.14,12
M,0.465,0.35,0.14,0.5755,0.2015,0.1505,0.19,15
I,0.41,0.31,0.11,0.315,0.124,0.08199999999999999,0.095,9
F,0.63,0.515,0.16,1.336,0.5529999999999999,0.3205,0.35,11
F,0.525,0.42,0.16,0.7559999999999999,0.2745,0.173,0.275,9
F,0.585,0.415,0.155,0.6985,0.3,0.146,0.195,12
M,0.6,0.475,0.16,1.164,0.5045,0.2635,0.335,12
I,0.365,0.26,0.115,0.218,0.0935,0.0445,0.07,9
F,0.605,0.495,0.19,1.4369999999999998,0.469,0.2655,0.41,15
M,0.41,0.31,0.125,0.3595,0.1415,0.0885,0.115,11
F,0.475,0.375,0.14,0.501,0.192,0.1175,0.175,13
M,0.415,0.3,0.1,0.3355,0.1545,0.0685,0.095,7
I,0.365,0.28,0.09,0.196,0.0865,0.036000000000000004,0.0605,7
F,0.525,0.41,0.135,0.7085,0.293,0.1525,0.235,11
I,0.55,0.415,0.135,0.8095,0.2985,0.2015,0.28,12
I,0.3,0.215,0.05,0.1185,0.048,0.0225,0.042,4
I,0.525,0.4,0.14,0.601,0.2625,0.1285,0.1835,9
I,0.495,0.375,0.14,0.494,0.181,0.0975,0.191,8
M,0.615,0.475,0.205,1.337,0.5995,0.2815,0.37,11
M,0.65,0.495,0.17,1.276,0.6215,0.2305,0.399,11
M,0.72,0.575,0.215,2.173,0.9515,0.564,0.5365,12
I,0.455,0.365,0.135,0.441,0.1515,0.1165,0.145,9
F,0.68,0.55,0.19,1.807,0.8225,0.3655,0.515,11
M,0.52,0.395,0.125,0.5815,0.2565,0.1265,0.17,10
I,0.41,0.31,0.09,0.3335,0.1635,0.061,0.091,6
I,0.24,0.18,0.055,0.0555,0.0235,0.013,0.018000000000000002,4
F,0.505,0.39,0.175,0.6920000000000001,0.267,0.15,0.215,12
I,0.385,0.29,0.1,0.2575,0.1,0.061,0.086,6
M,0.58,0.43,0.125,0.9115,0.446,0.2075,0.121,10
F,0.57,0.45,0.17,1.098,0.414,0.187,0.405,20
M,0.63,0.515,0.17,1.385,0.6355,0.2955,0.38,11
M,0.575,0.45,0.165,0.9215,0.3275,0.225,0.256,12
I,0.495,0.38,0.135,0.5095,0.2065,0.1165,0.165,8
M,0.565,0.455,0.15,0.9595,0.4565,0.2395,0.23,9
F,0.37,0.275,0.08,0.227,0.093,0.0625,0.07,8
M,0.345,0.255,0.08,0.16899999999999998,0.06,0.0425,0.054000000000000006,10
M,0.36,0.295,0.105,0.241,0.0865,0.053,0.095,8
M,0.635,0.5,0.18,1.2915,0.594,0.2695,0.37,9
I,0.455,0.35,0.13,0.4725,0.215,0.0745,0.15,9
I,0.5,0.38,0.155,0.6675,0.2745,0.156,0.18,12
M,0.625,0.48,0.145,1.085,0.4645,0.2445,0.327,10
F,0.535,0.425,0.155,0.7765,0.302,0.1565,0.25,16
I,0.44,0.325,0.1,0.4165,0.185,0.0865,0.11,6
I,0.275,0.205,0.08,0.096,0.036000000000000004,0.0185,0.03,6
M,0.45,0.335,0.125,0.4475,0.2165,0.126,0.11,6
F,0.63,0.51,0.185,1.235,0.5115,0.349,0.3065,11
M,0.705,0.56,0.22,1.981,0.8175,0.3085,0.76,14
I,0.36,0.285,0.105,0.2415,0.0915,0.057,0.075,7
F,0.545,0.44,0.175,0.7745,0.2985,0.1875,0.265,11
F,0.405,0.325,0.11,0.3555,0.151,0.063,0.117,9
I,0.405,0.31,0.09,0.312,0.138,0.06,0.087,8
F,0.605,0.47,0.165,1.1775,0.611,0.2275,0.292,9
M,0.475,0.37,0.125,0.5095,0.2165,0.1125,0.165,9
M,0.555,0.445,0.13,0.8625,0.4225,0.155,0.24,9
F,0.52,0.395,0.18,0.64,0.158,0.11,0.245,22
M,0.455,0.35,0.105,0.401,0.1575,0.083,0.135,9
F,0.43,0.335,0.12,0.444,0.155,0.1145,0.14,13
M,0.54,0.42,0.19,0.6855,0.293,0.163,0.38,10
F,0.29,0.225,0.075,0.14,0.0515,0.0235,0.04,5
I,0.57,0.45,0.135,0.794,0.3815,0.1415,0.245,8
M,0.425,0.33,0.08,0.361,0.134,0.0825,0.125,7
M,0.5,0.405,0.155,0.772,0.34600000000000003,0.1535,0.245,12
I,0.5,0.375,0.14,0.5589999999999999,0.2375,0.135,0.16899999999999998,9
I,0.405,0.305,0.1,0.271,0.0965,0.061,0.091,7
I,0.2,0.145,0.06,0.037000000000000005,0.0125,0.0095,0.011,4
I,0.31,0.235,0.075,0.1515,0.056,0.0315,0.05,7
F,0.485,0.365,0.12,0.5885,0.27,0.131,0.175,9
F,0.635,0.485,0.165,1.2695,0.5635,0.3065,0.3395,11
M,0.6,0.41,0.145,0.939,0.4475,0.196,0.268,8
I,0.335,0.25,0.075,0.18600000000000005,0.0945,0.038,0.0445,7
F,0.555,0.43,0.135,0.812,0.4055,0.163,0.2215,9
F,0.465,0.35,0.135,0.6265,0.259,0.1445,0.175,8
I,0.535,0.385,0.18,1.0835,0.4955,0.2295,0.304,8
M,0.62,0.475,0.185,1.325,0.6045,0.325,0.33,13
F,0.55,0.41,0.145,0.8285,0.3095,0.1905,0.25,13
I,0.435,0.335,0.1,0.3295,0.129,0.07,0.11,7
M,0.65,0.515,0.125,1.1805,0.5235,0.28300000000000003,0.3275,9
F,0.705,0.555,0.2,1.4685,0.4715,0.3235,0.52,19
F,0.695,0.535,0.175,1.8385,0.8035,0.396,0.503,10
I,0.35,0.28,0.075,0.196,0.08199999999999999,0.04,0.064,8
I,0.39,0.31,0.085,0.344,0.181,0.0695,0.079,7
M,0.665,0.535,0.195,1.606,0.5755,0.388,0.48,14
I,0.165,0.12,0.03,0.0215,0.006999999999999999,0.005,0.005,3
F,0.635,0.485,0.19,1.3765,0.634,0.2885,0.406,11
M,0.63,0.48,0.15,1.1785,0.5185,0.248,0.3235,8
I,0.345,0.255,0.095,0.183,0.075,0.0385,0.06,6
I,0.19,0.13,0.03,0.0295,0.0155,0.015,0.01,6
I,0.4,0.29,0.11,0.329,0.188,0.0455,0.0825,6
M,0.6,0.48,0.09,1.05,0.457,0.2685,0.28,8
I,0.44,0.355,0.12,0.495,0.231,0.11,0.125,7
I,0.315,0.21,0.06,0.125,0.06,0.0375,0.035,5
F,0.69,0.535,0.185,1.826,0.797,0.409,0.499,11
I,0.375,0.275,0.095,0.2295,0.095,0.0545,0.066,7
F,0.575,0.42,0.135,0.857,0.461,0.147,0.2125,10
F,0.29,0.21,0.075,0.275,0.113,0.0675,0.035,6
M,0.695,0.57,0.23,1.885,0.8665,0.435,0.5,19
I,0.505,0.385,0.12,0.6005,0.239,0.142,0.185,7
F,0.47,0.355,0.18,0.441,0.1525,0.1165,0.135,8
I,0.58,0.44,0.145,0.7905,0.3525,0.1645,0.242,10
I,0.285,0.225,0.07,0.1005,0.0425,0.0185,0.035,7
M,0.57,0.45,0.155,1.195,0.5625,0.2565,0.295,10
I,0.58,0.445,0.17,1.178,0.3935,0.2165,0.315,20
I,0.47,0.37,0.11,0.5555,0.25,0.115,0.163,8
M,0.415,0.305,0.1,0.325,0.156,0.0505,0.091,6
I,0.375,0.28,0.085,0.3155,0.187,0.046,0.067,7
M,0.63,0.525,0.195,1.3135,0.4935,0.2565,0.465,10
F,0.7,0.575,0.205,1.773,0.605,0.447,0.5379999999999999,13
M,0.37,0.28,0.105,0.224,0.0815,0.0575,0.075,8
M,0.63,0.505,0.165,1.26,0.4525,0.2755,0.406,14
F,0.585,0.475,0.185,0.8575,0.3465,0.1785,0.275,12
M,0.59,0.44,0.15,0.8725,0.387,0.215,0.245,8
F,0.52,0.41,0.155,0.727,0.29100000000000004,0.1835,0.235,12
M,0.58,0.45,0.15,0.927,0.276,0.1815,0.36,14
F,0.48,0.4,0.125,0.759,0.2125,0.179,0.24,15
M,0.59,0.46,0.155,0.906,0.327,0.1485,0.335,15
I,0.315,0.235,0.07,0.149,0.058,0.0325,0.047,7
F,0.45,0.35,0.125,0.4435,0.185,0.09,0.145,11
F,0.58,0.46,0.135,0.926,0.4025,0.208,0.275,8
F,0.575,0.46,0.165,1.065,0.4985,0.2145,0.2815,8
F,0.515,0.4,0.17,0.7959999999999999,0.258,0.1755,0.28,16
I,0.62,0.48,0.18,1.1305,0.5285,0.2655,0.306,12
M,0.72,0.565,0.19,2.081,1.0815,0.4305,0.503,11
M,0.605,0.465,0.165,1.056,0.4215,0.2475,0.34,13
F,0.625,0.48,0.17,1.3525,0.6235,0.278,0.365,10
F,0.38,0.325,0.11,0.3105,0.12,0.07400000000000001,0.105,10
M,0.67,0.54,0.195,1.217,0.532,0.2735,0.3315,11
I,0.435,0.335,0.11,0.411,0.2025,0.0945,0.1,7
M,0.6,0.46,0.15,1.247,0.5335,0.2735,0.29,9
I,0.42,0.33,0.1,0.35200000000000004,0.1635,0.08900000000000001,0.1,9
M,0.56,0.44,0.16,1.1115,0.5035,0.2785,0.26,10
I,0.36,0.275,0.075,0.2205,0.0985,0.044,0.066,7
M,0.555,0.46,0.16,0.86,0.3345,0.1935,0.275,10
M,0.62,0.47,0.15,1.3090000000000002,0.5870000000000001,0.4405,0.325,9
F,0.55,0.43,0.125,0.923,0.4035,0.175,0.28300000000000003,8
F,0.635,0.51,0.175,1.2125,0.5735,0.261,0.36,14
M,0.57,0.48,0.175,1.185,0.474,0.261,0.38,11
M,0.55,0.41,0.13,0.8705,0.4455,0.2115,0.213,9
M,0.615,0.475,0.175,1.224,0.6035,0.261,0.311,9
F,0.6,0.5,0.17,1.13,0.4405,0.267,0.335,11
M,0.65,0.5,0.14,1.238,0.6165,0.2355,0.32,8
F,0.62,0.51,0.175,1.2705,0.5415,0.32299999999999995,0.3225,9
I,0.335,0.245,0.09,0.2015,0.096,0.0405,0.048,7
M,0.295,0.225,0.09,0.1385,0.048,0.046,0.05,9
M,0.505,0.39,0.115,0.5585,0.2575,0.119,0.1535,8
M,0.6,0.46,0.155,0.6655,0.285,0.149,0.269,11
I,0.455,0.335,0.105,0.422,0.229,0.0865,0.1,6
I,0.415,0.335,0.1,0.358,0.16899999999999998,0.067,0.105,7
I,0.425,0.345,0.125,0.425,0.16,0.0795,0.154,13
F,0.68,0.51,0.2,1.6075,0.7140000000000001,0.339,0.4705,11
I,0.47,0.375,0.105,0.468,0.1665,0.108,0.17,10
M,0.495,0.4,0.155,0.8085,0.2345,0.1155,0.35,6
I,0.5,0.395,0.145,0.7865,0.332,0.1815,0.2455,8
F,0.645,0.5,0.16,1.2465,0.5475,0.327,0.3,10
I,0.485,0.415,0.14,0.5705,0.25,0.134,0.185,8
M,0.665,0.525,0.175,1.443,0.6635,0.3845,0.353,11
I,0.495,0.37,0.125,0.4775,0.185,0.0705,0.16899999999999998,18
M,0.55,0.46,0.13,0.7085,0.305,0.1455,0.205,12
I,0.36,0.265,0.075,0.1845,0.083,0.0365,0.055,7
M,0.625,0.47,0.18,1.136,0.451,0.3245,0.305,11
I,0.505,0.405,0.13,0.6015,0.3015,0.11,0.18,8
M,0.545,0.42,0.14,0.7505,0.2475,0.13,0.255,22
M,0.545,0.41,0.14,0.625,0.223,0.16,0.235,13
I,0.285,0.21,0.07,0.109,0.044,0.0265,0.033,5
F,0.495,0.37,0.12,0.594,0.28,0.11,0.1375,7
I,0.29,0.21,0.06,0.1045,0.0415,0.022,0.035,5
F,0.36,0.265,0.09,0.2065,0.078,0.057,0.06,8
M,0.515,0.38,0.175,0.9565,0.325,0.158,0.31,14
F,0.53,0.415,0.15,0.7775,0.237,0.1415,0.33,20
M,0.63,0.465,0.15,1.027,0.537,0.188,0.17600000000000002,8
F,0.565,0.48,0.175,0.957,0.3885,0.215,0.275,18
M,0.635,0.485,0.18,1.1795,0.4785,0.2775,0.355,10
F,0.575,0.465,0.195,0.9965,0.417,0.247,0.47,8
M,0.565,0.445,0.14,0.836,0.406,0.1605,0.2245,9
M,0.575,0.46,0.155,0.892,0.4415,0.17600000000000002,0.22,10
F,0.625,0.505,0.175,1.15,0.5475,0.256,0.3045,11
I,0.285,0.215,0.07,0.1075,0.051,0.0225,0.027000000000000003,6
I,0.39,0.28,0.09,0.215,0.0845,0.034,0.079,8
I,0.335,0.255,0.085,0.1785,0.071,0.0405,0.055,9
I,0.58,0.445,0.15,0.8865,0.383,0.209,0.255,11
I,0.335,0.25,0.075,0.1825,0.0705,0.044,0.055,7
I,0.505,0.4,0.145,0.7045,0.334,0.1425,0.207,8
M,0.715,0.55,0.19,2.0045,1.0465,0.407,0.5075,12
M,0.35,0.26,0.09,0.198,0.0725,0.056,0.06,10
F,0.63,0.48,0.16,1.199,0.5265,0.335,0.315,11
I,0.46,0.345,0.115,0.4215,0.1895,0.102,0.111,6
F,0.675,0.55,0.18,1.6885,0.562,0.3705,0.6,15
I,0.52,0.41,0.145,0.6459999999999999,0.2965,0.1595,0.165,9
I,0.46,0.35,0.11,0.4,0.17600000000000002,0.083,0.1205,7
F,0.625,0.475,0.16,1.3335,0.605,0.2875,0.319,10
M,0.585,0.46,0.185,0.922,0.3635,0.213,0.285,10
I,0.46,0.345,0.11,0.3755,0.1525,0.058,0.125,7
F,0.49,0.375,0.15,0.5755,0.22,0.14400000000000002,0.19,9
F,0.575,0.465,0.175,1.099,0.4735,0.202,0.35,9
M,0.7,0.565,0.175,1.8565,0.8445,0.3935,0.54,10
I,0.565,0.435,0.155,0.782,0.2715,0.168,0.285,14
F,0.72,0.565,0.18,1.719,0.8465,0.407,0.3875,11
I,0.54,0.425,0.14,0.742,0.32,0.1395,0.25,9
F,0.545,0.415,0.16,0.7715,0.272,0.1455,0.2765,10
F,0.62,0.485,0.175,1.2155,0.545,0.253,0.345,10
F,0.655,0.54,0.175,1.5585,0.7285,0.402,0.385,11
M,0.535,0.42,0.145,0.7909999999999999,0.33,0.189,0.25,10
M,0.595,0.47,0.145,0.991,0.4035,0.1505,0.34,16
I,0.47,0.35,0.125,0.4315,0.19,0.1165,0.1175,6
I,0.475,0.365,0.125,0.5465,0.229,0.1185,0.172,9
I,0.485,0.355,0.13,0.581,0.245,0.132,0.168,12
M,0.44,0.35,0.11,0.4585,0.2,0.0885,0.13,9
M,0.61,0.365,0.155,1.0765,0.488,0.249,0.27,9
F,0.595,0.45,0.15,1.114,0.5865,0.2205,0.25,11
M,0.41,0.315,0.095,0.306,0.121,0.0735,0.09,9
I,0.41,0.315,0.1,0.3,0.124,0.0575,0.1,8
I,0.405,0.31,0.095,0.3425,0.1785,0.064,0.0855,8
I,0.22,0.165,0.055,0.0545,0.0215,0.012,0.02,5
F,0.655,0.505,0.175,1.2905,0.6205,0.2965,0.326,10
I,0.405,0.305,0.09,0.2825,0.114,0.0575,0.095,7
F,0.57,0.435,0.15,0.8295,0.3875,0.156,0.245,10
M,0.605,0.48,0.17,1.1835,0.5820000000000001,0.2365,0.317,10
F,0.69,0.56,0.215,1.719,0.68,0.299,0.47,17
F,0.395,0.295,0.095,0.2245,0.078,0.054000000000000006,0.08,10
F,0.61,0.46,0.155,0.957,0.4255,0.1975,0.265,8
I,0.465,0.355,0.09,0.4325,0.2005,0.07400000000000001,0.1275,9
M,0.645,0.5,0.175,1.3375,0.5539999999999999,0.308,0.415,10
I,0.27,0.195,0.06,0.073,0.0285,0.0235,0.03,5
M,0.625,0.465,0.14,1.195,0.4825,0.205,0.4,13
F,0.47,0.35,0.115,0.487,0.1955,0.127,0.155,8
I,0.17,0.125,0.055,0.0235,0.009000000000000001,0.0055,0.008,6
M,0.57,0.45,0.135,1.02,0.546,0.204,0.25,9
I,0.475,0.36,0.135,0.4355,0.196,0.0925,0.125,8
I,0.325,0.24,0.075,0.187,0.0825,0.0445,0.05,6
F,0.455,0.375,0.125,0.458,0.1985,0.111,0.12,10
F,0.625,0.52,0.18,1.354,0.4845,0.35100000000000003,0.375,11
I,0.565,0.42,0.155,0.743,0.31,0.18600000000000005,0.231,9
F,0.705,0.55,0.2,1.7095,0.633,0.4115,0.49,13
I,0.33,0.25,0.075,0.1405,0.056,0.035,0.05,5
M,0.635,0.525,0.16,1.195,0.5435,0.246,0.335,12
I,0.28,0.215,0.08,0.132,0.07200000000000001,0.022,0.033,5
M,0.64,0.485,0.16,1.006,0.456,0.2245,0.2835,9
M,0.695,0.53,0.15,1.477,0.6375,0.3025,0.43,14
M,0.58,0.465,0.145,0.887,0.4405,0.1655,0.265,11
I,0.41,0.31,0.09,0.339,0.155,0.0695,0.09,7
I,0.545,0.43,0.14,0.687,0.2615,0.1405,0.25,9
F,0.68,0.5,0.185,1.741,0.7665,0.3255,0.4685,12
F,0.575,0.45,0.135,0.8285,0.362,0.1655,0.236,10
M,0.49,0.385,0.125,0.649,0.32,0.124,0.1695,8
M,0.585,0.455,0.15,0.906,0.4095,0.23,0.2335,8
M,0.59,0.46,0.145,0.929,0.38,0.24,0.255,10
F,0.72,0.55,0.195,2.073,1.0715,0.4265,0.5015,9
M,0.565,0.415,0.125,0.667,0.302,0.1545,0.185,7
F,0.475,0.4,0.115,0.541,0.18600000000000005,0.1025,0.21,13
M,0.415,0.325,0.14,0.417,0.1535,0.1015,0.14400000000000002,10
I,0.315,0.23,0.07,0.14400000000000002,0.053,0.0305,0.04,8
I,0.46,0.37,0.11,0.3965,0.1485,0.0855,0.1455,8
F,0.755,0.625,0.21,2.505,1.1965,0.513,0.6785,11
I,0.33,0.25,0.105,0.1715,0.0655,0.035,0.06,7
I,0.485,0.38,0.12,0.4725,0.2075,0.1075,0.147,6
F,0.665,0.5,0.175,1.742,0.595,0.3025,0.725,21
F,0.5,0.405,0.15,0.5965,0.253,0.126,0.185,12
I,0.58,0.425,0.145,0.83,0.379,0.1605,0.2575,11
I,0.405,0.3,0.085,0.3035,0.15,0.0505,0.08800000000000001,7
I,0.395,0.27,0.1,0.2985,0.1445,0.061,0.08199999999999999,5
M,0.51,0.39,0.135,0.769,0.3935,0.1455,0.19,8
I,0.435,0.335,0.11,0.334,0.1355,0.0775,0.0965,7
F,0.53,0.43,0.17,0.775,0.35,0.152,0.235,17
M,0.5,0.39,0.135,0.6595,0.3145,0.1535,0.1565,6
M,0.48,0.38,0.135,0.528,0.2,0.1395,0.16,14
F,0.5,0.385,0.105,0.498,0.1795,0.1095,0.17,17
