F,0.585,0.475,0.165,1.053,0.458,0.217,0.3,11
F,0.65,0.475,0.165,1.3875,0.58,0.3485,0.3095,9
F,0.615,0.5,0.165,1.1765,0.488,0.244,0.345,17
M,0.575,0.475,0.145,0.857,0.3665,0.173,0.269,9
I,0.56,0.44,0.155,0.8109999999999999,0.3685,0.17800000000000002,0.235,11
M,0.545,0.41,0.145,0.873,0.3035,0.196,0.31,18
M,0.61,0.5,0.24,1.642,0.532,0.3345,0.69,18
I,0.475,0.335,0.1,0.4425,0.1895,0.086,0.135,9
M,0.335,0.25,0.09,0.181,0.0755,0.0415,0.06,7
I,0.455,0.35,0.105,0.4445,0.213,0.107,0.1115,7
M,0.58,0.455,0.15,1.114,0.4765,0.2155,0.265,8
M,0.53,0.415,0.12,0.706,0.3355,0.1635,0.1345,9
I,0.31,0.235,0.07,0.151,0.063,0.0405,0.045,6
I,0.45,0.35,0.125,0.4775,0.2235,0.08900000000000001,0.118,6
M,0.625,0.485,0.17,1.4369999999999998,0.5855,0.293,0.475,11
M,0.67,0.52,0.19,1.6385,0.8115,0.369,0.391,9
F,0.595,0.465,0.145,0.7955,0.3425,0.1795,0.2425,10
I,0.475,0.375,0.115,0.5205,0.233,0.119,0.1455,7
M,0.335,0.26,0.075,0.22,0.0855,0.04,0.085,6
M,0.485,0.39,0.135,0.617,0.25,0.1345,0.1635,8
I,0.65,0.52,0.15,1.238,0.5495,0.29600000000000004,0.3305,10
M,0.445,0.355,0.11,0.4415,0.1805,0.1035,0.1505,10
M,0.66,0.505,0.165,1.374,0.589,0.35100000000000003,0.345,10
I,0.39,0.29,0.1,0.2845,0.1255,0.0635,0.081,7
F,0.535,0.445,0.125,0.8725,0.417,0.199,0.24,8
F,0.645,0.51,0.155,1.129,0.5015,0.24,0.342,10
I,0.375,0.28,0.08,0.2165,0.0935,0.0925,0.07,7
F,0.48,0.385,0.135,0.536,0.1895,0.142,0.173,14
M,0.39,0.28,0.125,0.564,0.3035,0.0955,0.14300000000000002,7
M,0.535,0.42,0.16,0.7465,0.348,0.1515,0.2185,10
F,0.64,0.48,0.195,1.1435,0.4915,0.2345,0.353,9
M,0.565,0.43,0.15,0.831,0.4245,0.1735,0.219,10
M,0.625,0.5,0.175,1.0565,0.4615,0.258,0.305,10
I,0.425,0.315,0.08,0.303,0.131,0.0585,0.095,7
F,0.47,0.355,0.14,0.433,0.1525,0.095,0.152,12
I,0.545,0.43,0.15,0.742,0.3525,0.158,0.208,10
I,0.585,0.42,0.145,0.6735,0.2895,0.1345,0.22,9
F,0.58,0.46,0.15,1.1155,0.5575,0.2255,0.29,7
I,0.63,0.505,0.18,1.272,0.6025,0.295,0.315,11
M,0.355,0.29,0.09,0.3275,0.134,0.086,0.09,9
F,0.51,0.34,0.18,0.7005,0.312,0.165,0.2,11
M,0.475,0.375,0.13,0.5175,0.2075,0.1165,0.17,10
F,0.68,0.57,0.205,1.842,0.625,0.408,0.65,20
M,0.63,0.49,0.18,1.13,0.458,0.2765,0.315,12
M,0.63,0.49,0.155,1.229,0.535,0.29,0.335,11
I,0.43,0.35,0.105,0.366,0.1705,0.0855,0.11,6
I,0.45,0.335,0.115,0.3935,0.195,0.071,0.11,7
M,0.545,0.42,0.145,0.778,0.3745,0.1545,0.205,7
M,0.35,0.265,0.09,0.197,0.073,0.0365,0.077,7
I,0.475,0.375,0.11,0.456,0.182,0.099,0.16,9
I,0.37,0.28,0.095,0.2865,0.1505,0.069,0.0795,7
F,0.52,0.415,0.145,0.8045,0.3325,0.1725,0.285,10
I,0.555,0.455,0.17,0.8435,0.309,0.1905,0.3,15
I,0.37,0.275,0.085,0.2045,0.096,0.056,0.08,6
I,0.475,0.365,0.105,0.4175,0.1645,0.099,0.127,7
M,0.515,0.38,0.135,0.6615,0.2875,0.2095,0.155,10
M,0.5,0.38,0.155,0.5955,0.2135,0.161,0.2,12
M,0.565,0.47,0.195,1.142,0.387,0.258,0.35,17
M,0.59,0.47,0.18,1.187,0.5985,0.227,0.31,9
M,0.625,0.495,0.18,1.0815,0.4715,0.254,0.3135,10
M,0.63,0.47,0.145,1.1005,0.52,0.26,0.276,9
M,0.63,0.51,0.17,1.1885,0.4915,0.3065,0.348,7
M,0.56,0.45,0.145,0.894,0.3885,0.2095,0.264,9
I,0.575,0.45,0.15,0.858,0.449,0.166,0.215,10
M,0.62,0.5,0.18,1.3915,0.726,0.2795,0.332,11
I,0.44,0.34,0.12,0.438,0.2115,0.083,0.12,9
M,0.735,0.59,0.225,1.756,0.637,0.3405,0.58,21
I,0.465,0.36,0.105,0.498,0.214,0.116,0.14,15
I,0.365,0.265,0.085,0.213,0.0945,0.049,0.06,7
M,0.58,0.455,0.13,0.852,0.41,0.1725,0.225,8
M,0.675,0.525,0.175,1.402,0.483,0.3205,0.465,16
M,0.5,0.4,0.145,0.6025,0.21600000000000005,0.138,0.21,11
I,0.465,0.355,0.11,0.474,0.23,0.1005,0.12,7
F,0.525,0.44,0.125,0.7115,0.3205,0.159,0.1915,7
M,0.615,0.495,0.155,1.2865,0.435,0.293,0.3245,11
M,0.58,0.45,0.145,1.0025,0.547,0.1975,0.2295,8
F,0.595,0.485,0.145,1.2515,0.5035,0.2925,0.33,14
I,0.46,0.35,0.11,0.3945,0.1685,0.0865,0.125,9
F,0.595,0.455,0.155,1.0605,0.5135,0.2165,0.3,12
M,0.605,0.475,0.145,0.884,0.3835,0.1905,0.27,8
I,0.44,0.335,0.115,0.4215,0.173,0.0765,0.113,7
F,0.535,0.41,0.13,0.7145,0.335,0.14400000000000002,0.2075,9
I,0.395,0.295,0.1,0.2715,0.134,0.0325,0.085,10
I,0.67,0.485,0.175,1.2565,0.5355,0.322,0.386,9
M,0.635,0.515,0.16,1.2075,0.5385,0.282,0.345,11
I,0.4,0.31,0.115,0.314,0.1545,0.0595,0.087,6
F,0.495,0.41,0.125,0.7555,0.3355,0.129,0.214,9
F,0.57,0.435,0.14,0.8085,0.3235,0.183,0.22,16
M,0.595,0.485,0.15,1.0835,0.5305,0.231,0.276,8
M,0.595,0.475,0.14,0.944,0.3625,0.189,0.315,9
M,0.655,0.52,0.17,1.1445,0.53,0.223,0.348,9
M,0.64,0.515,0.165,1.369,0.632,0.3415,0.358,10
I,0.345,0.27,0.11,0.2135,0.08199999999999999,0.0545,0.07,7
M,0.625,0.5,0.14,1.096,0.5445,0.2165,0.295,10
F,0.44,0.355,0.115,0.415,0.1585,0.0925,0.131,11
F,0.415,0.305,0.13,0.32,0.1305,0.0755,0.105,8
I,0.43,0.34,0.105,0.4405,0.2385,0.0745,0.1075,6
M,0.605,0.49,0.145,1.3,0.517,0.3285,0.31,14
M,0.615,0.475,0.17,1.129,0.4795,0.302,0.3,10
F,0.565,0.44,0.155,0.9395,0.4275,0.214,0.27,12
I,0.385,0.29,0.09,0.2365,0.1,0.0505,0.076,8
M,0.44,0.325,0.115,0.39,0.163,0.087,0.113,7
M,0.74,0.595,0.19,2.3235,1.1495,0.5115,0.505,11
F,0.645,0.52,0.19,1.3105,0.58,0.28800000000000003,0.37,12
F,0.595,0.475,0.17,1.247,0.48,0.225,0.425,20
F,0.465,0.35,0.11,0.4085,0.165,0.102,0.131,8
I,0.445,0.31,0.09,0.336,0.1555,0.09,0.0855,7
I,0.52,0.395,0.125,0.6629999999999999,0.3005,0.131,0.1905,9
I,0.47,0.375,0.125,0.5225,0.2265,0.104,0.162,8
M,0.585,0.465,0.16,0.9555,0.4595,0.236,0.265,7
I,0.385,0.29,0.09,0.232,0.0855,0.0495,0.08,7
I,0.34,0.25,0.075,0.1785,0.0665,0.0455,0.045,5
F,0.725,0.565,0.21,2.1425,1.03,0.487,0.503,14
F,0.625,0.49,0.155,1.2085,0.465,0.162,0.411,11
M,0.55,0.405,0.15,0.9235,0.412,0.2135,0.24,7
F,0.37,0.28,0.11,0.2305,0.0945,0.0465,0.075,10
I,0.535,0.41,0.155,0.6315,0.2745,0.1415,0.1815,12
M,0.575,0.45,0.16,0.955,0.44,0.1685,0.27,16
I,0.515,0.385,0.125,0.5720000000000001,0.237,0.1435,0.165,7
I,0.52,0.41,0.14,0.6625,0.2775,0.1555,0.196,11
I,0.545,0.43,0.15,0.7285,0.302,0.1315,0.2545,10
I,0.55,0.425,0.13,0.664,0.2695,0.163,0.21,8
M,0.685,0.55,0.2,1.7725,0.813,0.387,0.49,11
I,0.545,0.425,0.14,0.8145,0.305,0.231,0.244,10
F,0.65,0.495,0.155,1.337,0.615,0.3195,0.335,9
I,0.485,0.37,0.115,0.457,0.1885,0.0965,0.15,9
I,0.565,0.465,0.15,1.1815,0.581,0.2215,0.3095,9
M,0.55,0.435,0.14,0.7625,0.327,0.1685,0.259,10
I,0.48,0.355,0.125,0.494,0.2385,0.0835,0.15,9
M,0.62,0.525,0.155,1.085,0.454,0.1965,0.35,10
F,0.525,0.43,0.165,0.7170000000000001,0.289,0.1745,0.195,10
I,0.575,0.445,0.16,0.9175,0.45,0.1935,0.24,9
I,0.33,0.255,0.095,0.172,0.066,0.0255,0.06,6
I,0.46,0.35,0.11,0.4675,0.2125,0.099,0.1375,7
I,0.225,0.16,0.045,0.0465,0.025,0.015,0.015,4
I,0.31,0.235,0.09,0.127,0.048,0.031,0.04,6
F,0.55,0.465,0.15,1.082,0.3575,0.194,0.19,14
I,0.315,0.24,0.07,0.13699999999999998,0.0545,0.0315,0.04,8
M,0.65,0.495,0.16,1.2075,0.55,0.2695,0.32,10
M,0.63,0.49,0.17,1.1745,0.5255,0.273,0.339,11
I,0.305,0.23,0.075,0.1455,0.0595,0.0305,0.05,6
I,0.625,0.485,0.16,1.15,0.5255,0.257,0.3315,11
M,0.575,0.445,0.14,0.737,0.325,0.1405,0.237,10
M,0.545,0.45,0.15,0.7805,0.3795,0.1625,0.21600000000000005,8
I,0.42,0.325,0.115,0.314,0.1295,0.0635,0.1,8
F,0.555,0.42,0.11,0.931,0.4445,0.171,0.225,8
F,0.62,0.475,0.175,1.0165,0.4355,0.214,0.325,10
I,0.375,0.285,0.08,0.226,0.0975,0.04,0.0725,7
M,0.4,0.3,0.125,0.417,0.191,0.09,0.1175,9
M,0.77,0.605,0.175,2.0505,0.8005,0.526,0.355,11
M,0.575,0.455,0.185,1.156,0.5525,0.243,0.295,13
M,0.49,0.42,0.125,0.609,0.239,0.1435,0.22,14
M,0.615,0.505,0.165,1.167,0.4895,0.2955,0.345,10
F,0.62,0.51,0.175,1.1255,0.4985,0.227,0.315,14
F,0.625,0.495,0.165,1.262,0.507,0.318,0.39,10
M,0.565,0.44,0.185,0.909,0.344,0.2325,0.255,15
M,0.58,0.445,0.135,0.8140000000000001,0.3775,0.1915,0.22,9
F,0.46,0.355,0.13,0.517,0.2205,0.114,0.165,9
F,0.65,0.505,0.165,1.16,0.4785,0.274,0.349,11
M,0.605,0.475,0.19,1.1255,0.59,0.247,0.26,10
M,0.655,0.52,0.165,1.4095,0.586,0.29100000000000004,0.405,9
F,0.65,0.52,0.195,1.281,0.5985,0.246,0.3825,10
F,0.595,0.465,0.15,1.1005,0.5415,0.166,0.265,8
F,0.675,0.555,0.205,1.925,0.713,0.358,0.4535,13
F,0.62,0.485,0.165,1.166,0.483,0.238,0.355,13
M,0.49,0.465,0.125,0.5225,0.235,0.13,0.141,7
I,0.455,0.355,0.08,0.452,0.2165,0.0995,0.125,9
M,0.485,0.395,0.14,0.6295,0.2285,0.127,0.225,14
I,0.43,0.32,0.1,0.3855,0.192,0.0745,0.1,7
F,0.705,0.535,0.18,1.685,0.693,0.42,0.4045,12
I,0.445,0.345,0.13,0.4075,0.1365,0.0645,0.18,11
M,0.63,0.505,0.15,1.3165,0.6325,0.2465,0.37,11
F,0.64,0.495,0.17,1.2265,0.49,0.377,0.2875,11
I,0.27,0.205,0.05,0.084,0.03,0.0185,0.029,6
M,0.605,0.475,0.18,0.9365,0.394,0.219,0.295,15
F,0.725,0.58,0.185,1.523,0.8045,0.3595,0.4375,9
I,0.4,0.3,0.09,0.2815,0.1185,0.061,0.08,7
F,0.58,0.455,0.16,0.9215,0.312,0.196,0.3,17
M,0.59,0.405,0.15,0.853,0.326,0.2615,0.245,9
F,0.475,0.365,0.13,0.4805,0.1905,0.114,0.1475,12
F,0.66,0.505,0.185,1.528,0.69,0.3025,0.441,11
I,0.42,0.32,0.11,0.3625,0.174,0.0635,0.105,7
M,0.49,0.395,0.12,0.674,0.3325,0.1235,0.185,9
I,0.5,0.385,0.15,0.6265,0.2605,0.1665,0.16,10
F,0.58,0.445,0.145,0.888,0.41,0.1815,0.2425,8
M,0.505,0.405,0.11,0.625,0.305,0.16,0.175,9
I,0.535,0.45,0.135,0.728,0.2845,0.1845,0.265,9
I,0.47,0.355,0.12,0.4915,0.1765,0.1125,0.1325,9
F,0.685,0.535,0.175,1.5845,0.7175,0.3775,0.4215,9
I,0.175,0.125,0.04,0.028,0.0095,0.008,0.009000000000000001,4
I,0.39,0.29,0.09,0.2745,0.135,0.0455,0.078,8
M,0.35,0.255,0.08,0.1915,0.08,0.0385,0.063,9
M,0.53,0.425,0.13,0.7455,0.2995,0.1355,0.245,10
F,0.625,0.49,0.175,1.233,0.5565,0.247,0.365,11
F,0.61,0.475,0.14,1.133,0.5275,0.2355,0.35,11
M,0.615,0.455,0.15,0.9335,0.382,0.247,0.2615,10
F,0.625,0.49,0.145,0.92,0.4370000000000001,0.1735,0.28,10
F,0.585,0.42,0.155,0.9845,0.442,0.2155,0.2875,13
M,0.62,0.51,0.175,1.2815,0.5715,0.2385,0.39,10
M,0.63,0.515,0.165,1.352,0.488,0.349,0.45,20
F,0.615,0.495,0.16,1.255,0.5815,0.3195,0.3225,12
F,0.715,0.525,0.185,1.56,0.6655,0.383,0.405,11
M,0.585,0.465,0.19,1.171,0.3905,0.2355,0.4,17
M,0.395,0.295,0.115,0.316,0.1205,0.0595,0.1105,12
F,0.505,0.41,0.135,0.657,0.29100000000000004,0.133,0.195,15
M,0.585,0.45,0.175,1.1275,0.4925,0.262,0.335,11
M,0.65,0.52,0.17,1.3655,0.6155,0.2885,0.36,11
F,0.505,0.38,0.145,0.6509999999999999,0.2935,0.19,0.17,12
M,0.375,0.305,0.09,0.3245,0.1395,0.0565,0.095,5
M,0.62,0.48,0.165,1.0725,0.4815,0.235,0.312,9
M,0.65,0.51,0.155,1.4069999999999998,0.7215,0.298,0.335,9
M,0.645,0.49,0.16,1.251,0.5355,0.3345,0.3165,9
F,0.665,0.51,0.175,1.3805,0.675,0.2985,0.325,10
I,0.27,0.19,0.06,0.099,0.0445,0.017,0.03,5
F,0.485,0.39,0.1,0.5565,0.2215,0.1155,0.185,9
F,0.615,0.47,0.155,1.084,0.5885,0.209,0.246,9
F,0.57,0.445,0.15,0.995,0.504,0.185,0.2505,9
F,0.585,0.45,0.145,0.9835,0.4845,0.242,0.22,9
M,0.77,0.6,0.215,2.1945,1.0515,0.482,0.584,10
F,0.645,0.525,0.2,1.449,0.601,0.2565,0.505,13
M,0.735,0.585,0.185,2.124,0.952,0.55,0.5,11
I,0.61,0.46,0.17,1.278,0.41,0.257,0.37,17
I,0.51,0.395,0.155,0.5395,0.2465,0.1085,0.16699999999999998,8
F,0.59,0.46,0.145,0.9905,0.453,0.2205,0.275,8
M,0.44,0.325,0.08,0.413,0.14400000000000002,0.1015,0.13,8
F,0.67,0.52,0.15,1.406,0.519,0.348,0.37,13
I,0.33,0.25,0.095,0.2085,0.102,0.0395,0.052000000000000005,7
M,0.475,0.37,0.125,0.649,0.34700000000000003,0.136,0.142,8
M,0.59,0.48,0.16,1.262,0.5685,0.2725,0.335,9
M,0.69,0.55,0.195,1.777,0.769,0.38,0.4305,11
F,0.59,0.46,0.16,1.0115,0.445,0.2615,0.2565,8
F,0.7,0.55,0.17,1.6840000000000002,0.7535,0.3265,0.32,11
M,0.62,0.5,0.2,1.221,0.4605,0.263,0.43,12
M,0.465,0.34,0.105,0.486,0.231,0.1035,0.1225,9
F,0.615,0.475,0.17,1.1025,0.4695,0.2355,0.345,14
I,0.525,0.4,0.14,0.6055,0.2605,0.108,0.21,9
F,0.68,0.56,0.165,1.639,0.6055,0.2805,0.46,15
I,0.29,0.21,0.06,0.1195,0.056,0.0235,0.03,6
M,0.575,0.45,0.165,0.9655,0.498,0.19,0.23,8
F,0.62,0.485,0.22,1.511,0.5095,0.284,0.51,17
I,0.5,0.41,0.14,0.6615,0.2585,0.1625,0.196,9
F,0.625,0.525,0.195,1.352,0.4505,0.2445,0.53,13
M,0.58,0.47,0.165,0.9975,0.3935,0.242,0.33,10
I,0.36,0.265,0.085,0.1865,0.0675,0.037000000000000005,0.0615,7
I,0.275,0.215,0.075,0.1155,0.0485,0.029,0.035,7
M,0.26,0.2,0.065,0.096,0.044,0.027000000000000003,0.03,6
I,0.575,0.425,0.135,0.7965,0.364,0.196,0.239,10
I,0.395,0.325,0.105,0.306,0.111,0.0735,0.095,8
I,0.355,0.285,0.095,0.2275,0.0955,0.0475,0.0715,6
I,0.35,0.235,0.08,0.17,0.0725,0.0465,0.0495,7
I,0.455,0.37,0.11,0.514,0.2385,0.1235,0.126,8
I,0.34,0.26,0.085,0.1885,0.0815,0.0335,0.06,6
I,0.52,0.41,0.12,0.595,0.2385,0.111,0.19,8
I,0.6,0.445,0.135,0.9205,0.445,0.2035,0.253,9
F,0.61,0.5,0.18,1.4380000000000002,0.5185,0.3735,0.3345,9
I,0.525,0.415,0.12,0.596,0.2805,0.12,0.1695,9
F,0.55,0.425,0.14,0.952,0.4895,0.1945,0.2185,7
I,0.345,0.275,0.095,0.1995,0.0755,0.0535,0.07,6
M,0.605,0.485,0.175,1.145,0.4325,0.27,0.405,16
I,0.57,0.425,0.14,0.7655,0.331,0.14,0.24,10
F,0.655,0.455,0.17,1.275,0.583,0.303,0.333,8
I,0.575,0.455,0.18,0.8525,0.3015,0.1825,0.3,13
F,0.49,0.385,0.15,0.7865,0.241,0.14,0.24,23
I,0.325,0.25,0.08,0.17600000000000002,0.0595,0.0355,0.063,7
I,0.415,0.315,0.1,0.3645,0.1765,0.0795,0.095,8
M,0.595,0.475,0.165,1.213,0.621,0.2435,0.274,9
M,0.525,0.4,0.155,0.7070000000000001,0.282,0.1605,0.225,9
I,0.305,0.225,0.09,0.1465,0.063,0.034,0.0415,6
M,0.66,0.5,0.165,1.3195,0.667,0.269,0.341,9
F,0.71,0.55,0.17,1.614,0.743,0.345,0.45,11
I,0.55,0.435,0.125,0.741,0.348,0.1585,0.206,9
I,0.515,0.39,0.11,0.531,0.2415,0.098,0.1615,8
F,0.565,0.44,0.135,0.83,0.393,0.1735,0.238,9
M,0.475,0.385,0.12,0.562,0.289,0.0905,0.153,8
I,0.435,0.345,0.115,0.418,0.222,0.0735,0.106,7
M,0.6,0.495,0.175,1.3005,0.6195,0.284,0.3285,11
I,0.565,0.435,0.145,0.8445,0.3975,0.158,0.255,9
M,0.42,0.345,0.105,0.43,0.175,0.096,0.13,7
I,0.475,0.365,0.115,0.459,0.2175,0.093,0.1165,7
M,0.655,0.505,0.165,1.27,0.6035,0.262,0.335,10
F,0.635,0.505,0.185,1.3035,0.501,0.295,0.41,17
I,0.45,0.335,0.105,0.362,0.1575,0.0795,0.1095,7
I,0.44,0.355,0.165,0.435,0.159,0.105,0.14,16
I,0.315,0.235,0.075,0.1485,0.0585,0.0375,0.0425,6
I,0.415,0.31,0.1,0.2805,0.114,0.0565,0.0975,6
M,0.535,0.42,0.15,0.6995,0.2575,0.153,0.24,12
F,0.615,0.475,0.145,0.9525,0.3915,0.195,0.32,9
M,0.6,0.51,0.185,1.285,0.6095,0.2745,0.315,9
M,0.615,0.48,0.175,1.118,0.446,0.3195,0.3,9
I,0.435,0.34,0.115,0.3925,0.1825,0.078,0.1145,6
M,0.64,0.525,0.2,1.3765,0.44,0.3075,0.47,16
I,0.66,0.525,0.18,1.6935,0.6025,0.4005,0.42,15
M,0.5,0.4,0.165,0.825,0.254,0.205,0.285,13
I,0.33,0.225,0.075,0.187,0.0945,0.0395,0.0425,7
F,0.6,0.475,0.18,1.162,0.511,0.2675,0.32,18
M,0.66,0.535,0.19,1.5905,0.6425,0.297,0.5175,9
I,0.46,0.37,0.12,0.5335,0.2645,0.108,0.1345,6
M,0.455,0.375,0.125,0.484,0.2155,0.102,0.165,7
M,0.515,0.4,0.16,0.8175,0.2515,0.156,0.3,23
I,0.47,0.37,0.14,0.4985,0.2095,0.1225,0.145,10
M,0.545,0.435,0.145,0.9385,0.3685,0.1245,0.345,11
M,0.48,0.365,0.12,0.6015,0.312,0.117,0.14,7
I,0.665,0.5,0.17,1.2975,0.6035,0.29100000000000004,0.3595,9
M,0.595,0.48,0.14,0.9125,0.4095,0.1825,0.289,9
M,0.44,0.365,0.125,0.516,0.2155,0.114,0.155,10
F,0.57,0.46,0.17,1.1,0.4125,0.2205,0.38,14
M,0.67,0.55,0.17,1.247,0.472,0.2455,0.4,21
I,0.57,0.435,0.17,0.848,0.4,0.166,0.25,9
I,0.35,0.255,0.09,0.1785,0.0855,0.0305,0.0525,8
M,0.465,0.405,0.135,0.7775,0.436,0.1715,0.1455,10
F,0.62,0.5,0.15,1.293,0.596,0.3135,0.354,10
M,0.345,0.27,0.095,0.197,0.0665,0.05,0.07,9
M,0.625,0.48,0.175,1.065,0.4865,0.259,0.285,10
F,0.64,0.515,0.205,1.5335,0.6635,0.3345,0.4025,9
F,0.55,0.43,0.14,0.8105,0.368,0.161,0.275,9
I,0.365,0.27,0.075,0.2215,0.095,0.0445,0.07,6
M,0.7,0.565,0.18,1.751,0.895,0.3355,0.446,9
F,0.625,0.515,0.15,1.2415,0.5235,0.3065,0.36,15
I,0.35,0.265,0.095,0.199,0.073,0.049,0.06,5
F,0.65,0.51,0.155,1.189,0.483,0.278,0.3645,13
M,0.59,0.465,0.135,0.9895,0.4235,0.199,0.28,8
F,0.565,0.455,0.13,1.058,0.439,0.2645,0.3,10
M,0.51,0.415,0.145,0.7509999999999999,0.3295,0.1835,0.203,8
F,0.65,0.51,0.175,1.35,0.575,0.3155,0.3885,10
M,0.495,0.395,0.135,0.6335,0.3035,0.1295,0.1495,8
F,0.63,0.49,0.225,1.336,0.6805,0.259,0.3245,10
M,0.575,0.47,0.14,0.8375,0.3485,0.1735,0.24,11
M,0.58,0.45,0.12,0.8685,0.418,0.1475,0.2605,8
I,0.365,0.27,0.085,0.196,0.0825,0.0375,0.06,7
M,0.675,0.555,0.2,1.4385,0.545,0.2665,0.465,21
M,0.625,0.495,0.155,1.025,0.46,0.1945,0.34,9
F,0.48,0.405,0.13,0.6375,0.277,0.1445,0.21,10
M,0.6,0.475,0.15,1.089,0.5195,0.223,0.292,11
F,0.63,0.5,0.185,1.383,0.54,0.3315,0.38,10
F,0.645,0.525,0.17,1.37,0.6135,0.28300000000000003,0.34,10
I,0.33,0.205,0.095,0.1595,0.077,0.032,0.0435,5
I,0.45,0.345,0.135,0.443,0.1975,0.0875,0.1175,14
M,0.645,0.515,0.16,1.1845,0.506,0.311,0.335,9
F,0.67,0.525,0.195,1.42,0.573,0.368,0.3905,10
M,0.58,0.46,0.13,0.921,0.35700000000000004,0.181,0.29,13
M,0.64,0.5,0.175,1.273,0.5065,0.2925,0.405,13
M,0.675,0.515,0.15,1.3119999999999998,0.556,0.2845,0.4115,11
F,0.565,0.45,0.195,1.0035,0.406,0.2505,0.285,15
M,0.605,0.455,0.16,1.1215,0.5329999999999999,0.273,0.271,10
F,0.705,0.545,0.17,1.58,0.6435,0.4565,0.265,11
F,0.57,0.45,0.16,0.9715,0.3965,0.255,0.26,12
M,0.5,0.355,0.14,0.528,0.2125,0.149,0.14,9
I,0.465,0.365,0.115,0.467,0.2315,0.0925,0.113,7
M,0.67,0.535,0.19,1.669,0.7465,0.2935,0.508,11
M,0.595,0.455,0.195,1.3305,0.4595,0.3235,0.345,19
I,0.5,0.39,0.13,0.5075,0.2115,0.104,0.1755,9
M,0.535,0.42,0.125,0.738,0.355,0.1895,0.1795,8
M,0.36,0.295,0.13,0.2765,0.0895,0.057,0.1005,10
F,0.575,0.46,0.15,0.927,0.333,0.207,0.2985,9
F,0.56,0.41,0.16,0.8215,0.342,0.184,0.253,9
M,0.65,0.51,0.175,1.446,0.6485,0.2705,0.45,12
I,0.565,0.44,0.175,0.8735,0.414,0.21,0.21,11
I,0.275,0.2,0.075,0.086,0.0305,0.019,0.03,7
M,0.61,0.475,0.155,0.983,0.4565,0.228,0.266,10
M,0.625,0.5,0.195,1.369,0.5875,0.2185,0.37,17
I,0.53,0.425,0.13,0.7675,0.419,0.1205,0.21,9
M,0.45,0.32,0.1,0.381,0.1705,0.075,0.115,9
F,0.63,0.5,0.17,1.3135,0.5595,0.267,0.4,20
I,0.535,0.4,0.13,0.657,0.2835,0.162,0.175,7
M,0.325,0.24,0.085,0.173,0.0795,0.038,0.05,7
I,0.44,0.34,0.1,0.379,0.1725,0.0815,0.101,7
F,0.455,0.35,0.125,0.4485,0.1585,0.102,0.1335,16
I,0.495,0.385,0.125,0.585,0.2755,0.1235,0.165,8
F,0.645,0.51,0.19,1.3630000000000002,0.573,0.362,0.36,10
F,0.575,0.48,0.17,1.1,0.506,0.2485,0.31,10
M,0.685,0.535,0.155,1.3845,0.6615,0.2145,0.4075,10
F,0.625,0.515,0.18,1.3485,0.5255,0.252,0.3925,14
M,0.6,0.475,0.15,0.99,0.386,0.2195,0.3105,10
I,0.64,0.49,0.135,1.1,0.488,0.2505,0.2925,10
M,0.485,0.4,0.135,0.6629999999999999,0.313,0.13699999999999998,0.2,10
F,0.695,0.535,0.2,1.5855,0.667,0.334,0.471,11
M,0.655,0.49,0.175,1.3585,0.6395,0.294,0.365,10
I,0.445,0.32,0.12,0.378,0.152,0.0825,0.12,8
M,0.505,0.41,0.125,0.642,0.289,0.133,0.155,9
I,0.405,0.3,0.105,0.304,0.1455,0.061,0.0805,6
I,0.275,0.195,0.09,0.1125,0.0545,0.0295,0.0355,6
M,0.59,0.47,0.15,0.9955,0.481,0.232,0.24,8
M,0.51,0.405,0.13,0.7175,0.3725,0.158,0.17,9
I,0.55,0.425,0.135,0.7305,0.3325,0.1545,0.215,9
M,0.45,0.325,0.115,0.4305,0.2235,0.0785,0.1155,8
M,0.555,0.435,0.145,0.9685,0.4985,0.168,0.2385,9
I,0.58,0.46,0.14,0.9265,0.4135,0.1845,0.27,10
I,0.37,0.27,0.095,0.2175,0.097,0.046,0.065,6
I,0.54,0.415,0.135,0.7090000000000001,0.3195,0.174,0.185,9
I,0.58,0.42,0.14,0.701,0.3285,0.102,0.2255,9
I,0.385,0.29,0.095,0.312,0.14300000000000002,0.0635,0.086,6
I,0.385,0.28,0.095,0.257,0.119,0.059,0.07,7
F,0.515,0.425,0.135,0.7120000000000001,0.2665,0.1605,0.25,11
I,0.35,0.26,0.09,0.1765,0.07200000000000001,0.0355,0.0575,7
F,0.57,0.44,0.12,0.8029999999999999,0.382,0.1525,0.234,9
F,0.52,0.41,0.16,0.7120000000000001,0.2845,0.153,0.225,10
F,0.65,0.51,0.17,1.567,0.7245,0.349,0.391,10
F,0.67,0.505,0.205,1.3645,0.6075,0.3025,0.353,9
I,0.185,0.13,0.045,0.029,0.012,0.0075,0.0095,4
F,0.575,0.45,0.17,1.0475,0.3775,0.1705,0.385,18
M,0.61,0.47,0.16,1.022,0.449,0.2345,0.2945,9
M,0.62,0.465,0.145,0.911,0.375,0.2145,0.278,10
I,0.49,0.385,0.12,0.591,0.271,0.1125,0.1775,9
F,0.63,0.48,0.15,1.0525,0.392,0.336,0.285,12
M,0.62,0.48,0.16,1.0765,0.412,0.253,0.3,13
I,0.36,0.265,0.095,0.2315,0.105,0.046,0.075,7
M,0.52,0.4,0.105,0.872,0.4515,0.1615,0.1985,9
I,0.56,0.445,0.165,0.8320000000000001,0.3455,0.179,0.279,9
M,0.575,0.47,0.15,0.9785,0.4505,0.196,0.276,9
M,0.64,0.505,0.18,1.297,0.59,0.3125,0.363,11
I,0.335,0.24,0.095,0.17,0.062,0.039,0.055,9
M,0.47,0.37,0.18,0.51,0.1915,0.1285,0.1625,9
M,0.575,0.47,0.15,1.1415,0.4515,0.204,0.4,13
M,0.65,0.52,0.195,1.676,0.693,0.44,0.47,15
F,0.51,0.4,0.125,0.545,0.261,0.115,0.1385,6
F,0.705,0.56,0.17,1.4575,0.607,0.318,0.44,11
I,0.38,0.275,0.095,0.1375,0.086,0.0585,0.0605,7
M,0.515,0.4,0.125,0.955,0.341,0.2535,0.26,13
M,0.58,0.47,0.165,1.041,0.54,0.166,0.279,9
F,0.675,0.51,0.15,1.1965,0.475,0.304,0.386,11
F,0.59,0.465,0.15,0.997,0.392,0.246,0.34,12
F,0.675,0.51,0.195,1.382,0.6045,0.3175,0.3965,10
I,0.415,0.325,0.1,0.385,0.16699999999999998,0.08,0.125,7
I,0.435,0.325,0.12,0.3995,0.1815,0.061,0.1125,8
M,0.53,0.4,0.125,0.7575,0.398,0.151,0.175,8
I,0.515,0.42,0.135,0.711,0.337,0.14400000000000002,0.205,13
I,0.525,0.4,0.11,0.6275,0.3015,0.126,0.18,8
I,0.56,0.445,0.15,0.8225,0.3685,0.187,0.236,10
I,0.605,0.485,0.15,1.238,0.6315,0.226,0.33,11
M,0.355,0.28,0.095,0.2455,0.0955,0.062,0.075,11
F,0.605,0.485,0.16,1.2009999999999998,0.417,0.2875,0.38,9
F,0.535,0.4,0.15,0.8045,0.3345,0.2125,0.21,13
F,0.625,0.475,0.175,1.1435,0.4755,0.2475,0.349,10
M,0.635,0.525,0.205,1.484,0.55,0.3115,0.43,20
F,0.52,0.41,0.17,0.8705,0.3735,0.219,0.25,14
M,0.615,0.485,0.215,0.9615,0.422,0.17600000000000002,0.29,11
I,0.555,0.43,0.14,0.7665,0.341,0.165,0.23,9
I,0.235,0.13,0.075,0.1585,0.0685,0.037000000000000005,0.0465,5
I,0.36,0.27,0.085,0.196,0.0875,0.035,0.064,4
F,0.56,0.42,0.18,1.6645,0.7755,0.35,0.4525,9
F,0.47,0.365,0.12,0.5429999999999999,0.2295,0.1495,0.15,9
F,0.55,0.44,0.125,0.765,0.33,0.2125,0.245,9
M,0.65,0.505,0.18,1.469,0.7115,0.3335,0.38,9
F,0.5,0.385,0.13,0.768,0.2625,0.095,0.27,13
M,0.725,0.575,0.24,2.21,1.351,0.413,0.5015,13
F,0.605,0.48,0.15,1.079,0.4505,0.2835,0.293,10
F,0.595,0.495,0.185,1.285,0.416,0.224,0.485,13
I,0.235,0.17,0.065,0.0625,0.023,0.014,0.022,6
I,0.495,0.38,0.145,0.5,0.205,0.14800000000000002,0.1505,8
M,0.52,0.425,0.125,0.79,0.3720000000000001,0.205,0.19,8
I,0.53,0.415,0.11,0.5745,0.2525,0.1235,0.189,9
I,0.485,0.345,0.16,0.8690000000000001,0.3085,0.185,0.319,9
M,0.615,0.475,0.17,1.1825,0.474,0.2895,0.24,11
I,0.32,0.235,0.08,0.1485,0.064,0.031,0.045,6
I,0.375,0.29,0.1,0.219,0.0925,0.038,0.075,6
F,0.575,0.435,0.15,1.0305,0.4605,0.218,0.36,8
I,0.335,0.26,0.085,0.192,0.097,0.03,0.054000000000000006,6
M,0.53,0.405,0.15,0.8315,0.35200000000000004,0.187,0.2525,10
F,0.6,0.46,0.145,0.9325,0.3985,0.2245,0.248,8
M,0.63,0.495,0.18,1.31,0.495,0.295,0.4695,10
M,0.6,0.47,0.16,1.194,0.5625,0.3045,0.2635,10
I,0.34,0.255,0.075,0.18,0.0745,0.04,0.0525,6
F,0.61,0.49,0.17,1.1775,0.5655,0.2385,0.295,15
I,0.385,0.3,0.09,0.247,0.1225,0.044,0.0675,5
M,0.545,0.44,0.12,0.8565,0.3475,0.1715,0.24,12
I,0.405,0.285,0.09,0.2645,0.1265,0.0505,0.075,6
M,0.51,0.4,0.13,0.6435,0.27,0.1665,0.205,12
F,0.6,0.475,0.17,1.088,0.4905,0.2475,0.31,10
I,0.36,0.28,0.09,0.2255,0.0885,0.04,0.09,8
M,0.53,0.44,0.205,0.835,0.32,0.2175,0.245,14
F,0.67,0.54,0.195,1.619,0.74,0.3305,0.465,11
M,0.535,0.44,0.165,0.875,0.279,0.18,0.3,10
F,0.49,0.37,0.115,0.541,0.171,0.1175,0.185,11
M,0.485,0.385,0.125,0.4775,0.2,0.0785,0.17,12
I,0.465,0.34,0.11,0.34600000000000003,0.1425,0.073,0.113,11
F,0.55,0.425,0.145,0.797,0.297,0.15,0.265,9
F,0.65,0.545,0.185,1.5055,0.6565,0.341,0.43,10
F,0.71,0.545,0.175,1.907,0.8725,0.4565,0.475,11
I,0.275,0.195,0.07,0.0875,0.0345,0.022,0.0255,4
I,0.39,0.31,0.105,0.2665,0.1185,0.0525,0.081,8
F,0.71,0.53,0.195,1.8745,0.6755,0.4065,0.6855,12
F,0.66,0.525,0.18,1.5965,0.7765,0.397,0.3605,10
I,0.48,0.39,0.145,0.5825,0.2315,0.121,0.255,15
M,0.375,0.29,0.1,0.276,0.1175,0.0565,0.085,9
I,0.355,0.28,0.11,0.2235,0.0815,0.0525,0.08,7
F,0.52,0.4,0.12,0.6515,0.261,0.2015,0.165,15
M,0.59,0.475,0.145,1.053,0.4415,0.262,0.325,15
M,0.355,0.265,0.09,0.168,0.05,0.041,0.063,8
F,0.675,0.535,0.185,1.5575,0.7035,0.402,0.4,11
F,0.505,0.41,0.15,0.644,0.285,0.145,0.21,11
F,0.58,0.5,0.165,0.925,0.37,0.185,0.3005,10
M,0.51,0.41,0.155,1.2825,0.569,0.29100000000000004,0.3795,9
I,0.405,0.25,0.09,0.2875,0.128,0.063,0.0805,7
F,0.505,0.39,0.12,0.5725,0.2555,0.1325,0.146,8
I,0.575,0.45,0.135,0.807,0.3615,0.17600000000000002,0.254,10
F,0.585,0.455,0.13,0.8755,0.411,0.2065,0.225,8
M,0.5,0.37,0.15,1.0615,0.494,0.223,0.29600000000000004,9
M,0.245,0.18,0.065,0.0635,0.0245,0.0135,0.02,4
M,0.585,0.455,0.15,0.987,0.4355,0.2075,0.31,11
I,0.53,0.42,0.185,0.752,0.299,0.156,0.205,20
F,0.58,0.435,0.155,0.8785,0.425,0.1685,0.2425,10
M,0.495,0.395,0.12,0.5529999999999999,0.224,0.1375,0.16699999999999998,8
F,0.595,0.465,0.15,1.0765,0.491,0.22,0.287,9
M,0.595,0.465,0.175,1.115,0.4015,0.254,0.39,13
F,0.625,0.49,0.11,1.136,0.5265,0.1915,0.2925,9
M,0.525,0.41,0.165,0.8005,0.2635,0.1985,0.25,13
F,0.385,0.305,0.105,0.3315,0.1365,0.0745,0.1,7
I,0.65,0.515,0.16,1.1625,0.495,0.203,0.33,17
I,0.43,0.325,0.09,0.425,0.217,0.087,0.095,7
M,0.65,0.505,0.19,1.274,0.59,0.23,0.391,11
F,0.465,0.39,0.14,0.5555,0.213,0.1075,0.215,15
I,0.57,0.45,0.145,0.7509999999999999,0.2825,0.2195,0.2215,10
F,0.65,0.515,0.195,1.4005,0.5195,0.36,0.44,13
F,0.58,0.425,0.15,0.8440000000000001,0.3645,0.185,0.2705,9
M,0.56,0.45,0.155,0.9125,0.3595,0.271,0.35,10
M,0.45,0.34,0.13,0.3715,0.1605,0.0795,0.105,9
F,0.51,0.4,0.12,0.7005,0.34700000000000003,0.1105,0.195,10
M,0.455,0.345,0.15,0.5795,0.1685,0.125,0.215,13
F,0.6,0.455,0.145,0.8895,0.419,0.1715,0.269,10
F,0.4,0.335,0.115,0.4335,0.2105,0.1205,0.12,10
F,0.63,0.475,0.15,1.172,0.536,0.254,0.316,11
I,0.455,0.34,0.115,0.486,0.261,0.0655,0.1315,8
F,0.75,0.615,0.205,2.2635,0.821,0.423,0.726,12
M,0.555,0.43,0.165,0.7575,0.2735,0.1635,0.275,13
F,0.56,0.44,0.135,0.8025,0.35,0.1615,0.259,9
F,0.39,0.29,0.125,0.3055,0.121,0.08199999999999999,0.09,7
I,0.465,0.355,0.12,0.4975,0.2375,0.099,0.14,8
I,0.475,0.36,0.11,0.4920000000000001,0.211,0.11,0.15,8
M,0.67,0.5,0.2,1.269,0.5760000000000001,0.2985,0.35100000000000003,11
F,0.605,0.495,0.17,1.0915,0.4365,0.2715,0.335,13
I,0.455,0.375,0.125,0.5329999999999999,0.233,0.106,0.185,8
F,0.555,0.425,0.14,0.7879999999999999,0.282,0.1595,0.285,11
M,0.58,0.46,0.16,1.063,0.513,0.2705,0.2625,9
I,0.515,0.395,0.125,0.556,0.2695,0.096,0.17,8
F,0.65,0.525,0.175,1.4225,0.61,0.2995,0.445,20
M,0.695,0.525,0.175,1.742,0.696,0.389,0.505,12
F,0.415,0.305,0.105,0.3605,0.12,0.08199999999999999,0.1,10
I,0.35,0.265,0.08,0.2,0.09,0.042,0.06,7
F,0.57,0.465,0.18,1.295,0.339,0.2225,0.44,12
M,0.64,0.505,0.155,1.4025,0.705,0.2655,0.335,10
M,0.49,0.38,0.14,0.7605,0.245,0.16699999999999998,0.185,10
F,0.46,0.35,0.115,0.44,0.19,0.1025,0.13,8
M,0.565,0.435,0.185,1.032,0.354,0.2045,0.31,20
F,0.37,0.275,0.1,0.2225,0.093,0.026,0.08,8
F,0.455,0.35,0.14,0.5185,0.221,0.1265,0.135,10
M,0.62,0.465,0.19,1.3415,0.5705,0.3175,0.355,11
F,0.725,0.56,0.21,2.141,0.65,0.398,1.005,18
M,0.72,0.57,0.2,1.8275,0.919,0.366,0.485,10
F,0.595,0.5,0.18,1.053,0.4405,0.192,0.39,13
M,0.525,0.435,0.155,1.065,0.486,0.233,0.285,8
F,0.475,0.35,0.115,0.452,0.1715,0.092,0.155,11
F,0.45,0.345,0.115,0.496,0.1905,0.117,0.14,12
F,0.54,0.42,0.14,0.805,0.369,0.1725,0.21,11
I,0.405,0.31,0.11,0.91,0.416,0.2075,0.0995,8
F,0.57,0.45,0.135,0.7805,0.3345,0.185,0.21,8
I,0.45,0.35,0.145,0.525,0.2085,0.1,0.1655,15
F,0.575,0.47,0.165,0.8690000000000001,0.435,0.197,0.238,9
F,0.515,0.425,0.14,0.7659999999999999,0.304,0.1725,0.255,14
I,0.36,0.265,0.085,0.1895,0.0725,0.0515,0.055,6
M,0.6,0.47,0.13,1.0105,0.423,0.219,0.298,9
M,0.35,0.255,0.085,0.2145,0.1,0.0465,0.06,13
F,0.66,0.52,0.2,1.676,0.6729999999999999,0.4805,0.45,17
F,0.625,0.47,0.17,1.255,0.525,0.2415,0.405,10
F,0.61,0.47,0.165,1.1785,0.5660000000000001,0.2785,0.294,11
M,0.585,0.455,0.145,0.953,0.3945,0.2685,0.258,10
I,0.33,0.265,0.09,0.18,0.068,0.036000000000000004,0.06,6
I,0.635,0.5,0.18,1.319,0.5485,0.292,0.49,16
I,0.485,0.38,0.14,0.6729999999999999,0.2175,0.13,0.195,18
I,0.375,0.275,0.095,0.2465,0.11,0.0415,0.0775,6
I,0.435,0.345,0.12,0.4475,0.221,0.112,0.125,7
F,0.47,0.365,0.105,0.4205,0.163,0.1035,0.14,9
M,0.505,0.385,0.105,0.5525,0.239,0.1245,0.1555,9
I,0.36,0.275,0.11,0.2335,0.095,0.0525,0.085,10
M,0.655,0.525,0.16,1.46,0.6859999999999999,0.311,0.405,11
M,0.63,0.49,0.15,1.1955,0.5845,0.257,0.3,9
F,0.58,0.445,0.15,0.858,0.4,0.156,0.253,8
I,0.37,0.28,0.085,0.198,0.0805,0.0455,0.058,5
I,0.555,0.425,0.13,0.648,0.2835,0.133,0.2105,8
I,0.55,0.445,0.125,0.672,0.28800000000000003,0.1365,0.21,11
I,0.52,0.38,0.135,0.5395,0.2295,0.133,0.157,8
I,0.48,0.355,0.115,0.5785,0.25,0.106,0.184,8
F,0.545,0.41,0.125,0.6935,0.2975,0.146,0.21,11
F,0.63,0.475,0.155,1.0005,0.452,0.252,0.265,10
F,0.535,0.415,0.185,0.8415,0.314,0.1585,0.3,15
F,0.555,0.44,0.155,1.016,0.4935,0.1855,0.263,10
I,0.29,0.215,0.06,0.1115,0.053,0.0185,0.032,5
I,0.235,0.16,0.04,0.048,0.0185,0.018000000000000002,0.015,5
F,0.545,0.405,0.175,0.98,0.2585,0.207,0.38,18
M,0.64,0.485,0.15,1.098,0.5195,0.222,0.3175,10
M,0.62,0.49,0.155,1.1,0.505,0.2475,0.31,9
M,0.61,0.48,0.17,1.137,0.4565,0.29,0.34700000000000003,10
I,0.5,0.375,0.145,0.5795,0.239,0.1375,0.185,9
I,0.4,0.315,0.085,0.2675,0.116,0.0585,0.0765,6
F,0.61,0.485,0.18,1.2795,0.5735,0.2855,0.355,7
F,0.62,0.505,0.16,1.3725,0.6285,0.275,0.3685,11
F,0.615,0.5,0.205,1.1055,0.4445,0.227,0.39,16
M,0.52,0.4,0.165,0.8565,0.2745,0.201,0.21,12
F,0.665,0.5,0.175,1.4355,0.643,0.345,0.37,9
I,0.425,0.33,0.115,0.3265,0.1315,0.077,0.103,6
M,0.62,0.515,0.175,1.221,0.535,0.241,0.395,13
I,0.37,0.27,0.09,0.1855,0.07,0.0425,0.065,7
M,0.495,0.4,0.12,0.6605,0.2605,0.161,0.19,15
I,0.5,0.39,0.12,0.5955,0.2455,0.147,0.173,8
F,0.65,0.495,0.175,1.227,0.528,0.258,0.37,11
M,0.615,0.51,0.15,1.296,0.545,0.3315,0.32,9
M,0.385,0.3,0.095,0.24,0.0885,0.059,0.085,9
I,0.375,0.28,0.08,0.2345,0.1125,0.0455,0.067,6
F,0.54,0.44,0.16,1.0905,0.391,0.2295,0.355,15
F,0.52,0.41,0.115,0.807,0.2855,0.179,0.235,12
I,0.505,0.355,0.125,0.601,0.25,0.1205,0.185,8
F,0.59,0.455,0.165,1.161,0.38,0.2455,0.28,12
I,0.43,0.32,0.11,0.3675,0.1675,0.102,0.105,8
F,0.45,0.36,0.105,0.4715,0.2035,0.0935,0.149,9
M,0.375,0.28,0.095,0.2225,0.0875,0.043,0.08,10
I,0.38,0.275,0.095,0.2505,0.0945,0.0655,0.075,6
I,0.52,0.405,0.14,0.6765,0.2865,0.146,0.205,15
I,0.525,0.39,0.105,0.5670000000000001,0.2875,0.1075,0.16,8
M,0.625,0.505,0.175,1.131,0.5425,0.2265,0.32299999999999995,8
I,0.52,0.395,0.115,0.6445,0.3155,0.1245,0.18600000000000005,11
I,0.585,0.475,0.16,1.0505,0.48,0.234,0.285,10
M,0.56,0.45,0.145,0.9355,0.425,0.1645,0.2725,11
M,0.725,0.505,0.185,1.978,1.026,0.4255,0.4505,12
I,0.3,0.22,0.08,0.1255,0.055,0.0265,0.039,6
F,0.67,0.515,0.17,1.4265,0.6605,0.3395,0.37,11
M,0.655,0.59,0.2,1.5455,0.654,0.3765,0.415,11
F,0.65,0.5,0.19,1.464,0.6415,0.339,0.4245,9
F,0.485,0.395,0.16,0.66,0.2475,0.128,0.235,14
M,0.565,0.44,0.155,0.868,0.348,0.217,0.26,11
I,0.54,0.43,0.14,0.8195,0.3935,0.1725,0.2295,9
M,0.67,0.525,0.195,1.4405,0.6595,0.2675,0.425,9
I,0.26,0.2,0.07,0.092,0.037000000000000005,0.02,0.03,6
F,0.57,0.465,0.155,0.872,0.3245,0.239,0.285,14
M,0.51,0.4,0.14,0.6905,0.259,0.151,0.23,10
M,0.57,0.44,0.175,0.9415,0.3805,0.2285,0.28300000000000003,9
I,0.37,0.275,0.1,0.2295,0.0885,0.0465,0.07,7
F,0.625,0.49,0.2,1.3825,0.5895,0.285,0.381,11
M,0.505,0.385,0.15,0.6415,0.246,0.152,0.215,12
M,0.585,0.455,0.14,0.97,0.462,0.185,0.295,9
M,0.645,0.485,0.15,1.2215,0.5695,0.2735,0.33,9
I,0.43,0.34,0.11,0.3645,0.159,0.0855,0.105,7
I,0.32,0.215,0.095,0.305,0.14,0.067,0.0885,6
F,0.5,0.4,0.14,0.6615,0.2565,0.1755,0.22,8
M,0.56,0.425,0.135,0.8490000000000001,0.3265,0.221,0.2645,10
M,0.46,0.365,0.125,0.467,0.1895,0.0945,0.158,10
I,0.28,0.22,0.08,0.1315,0.066,0.024,0.03,5
I,0.33,0.26,0.08,0.19,0.0765,0.0385,0.065,7
I,0.41,0.315,0.095,0.2805,0.114,0.0345,0.11,7
M,0.605,0.475,0.14,1.1175,0.555,0.257,0.274,9
M,0.575,0.455,0.135,0.907,0.4245,0.197,0.26,9
F,0.625,0.485,0.2,1.38,0.5845,0.302,0.401,9
F,0.64,0.505,0.165,1.2235,0.5215,0.2695,0.36,10
M,0.425,0.315,0.125,0.3525,0.1135,0.0565,0.13,18
F,0.64,0.505,0.19,1.2765,0.4835,0.328,0.4,12
M,0.635,0.49,0.16,1.101,0.534,0.1865,0.3455,10
M,0.645,0.5,0.19,1.5595,0.741,0.3715,0.3845,14
F,0.56,0.45,0.16,1.0235,0.429,0.268,0.3,10
M,0.555,0.425,0.13,0.7665,0.264,0.168,0.275,13
I,0.325,0.25,0.075,0.1585,0.075,0.0305,0.0455,6
F,0.6,0.5,0.16,1.122,0.5095,0.256,0.309,10
F,0.525,0.415,0.14,0.7240000000000001,0.3475,0.173,0.175,8
M,0.68,0.52,0.165,1.4775,0.7240000000000001,0.279,0.406,11
M,0.735,0.57,0.21,2.2355,1.1705,0.463,0.5315,10
I,0.4,0.305,0.1,0.3415,0.17600000000000002,0.0625,0.0865,7
F,0.58,0.48,0.18,1.2495,0.4945,0.27,0.371,8
M,0.6,0.5,0.16,1.015,0.3995,0.1735,0.33,19
F,0.675,0.535,0.22,1.604,0.6175,0.4255,0.453,14
M,0.63,0.515,0.175,1.1955,0.4920000000000001,0.247,0.37,11
I,0.36,0.26,0.09,0.1785,0.0645,0.037000000000000005,0.075,7
M,0.55,0.435,0.11,0.8059999999999999,0.3415,0.203,0.215,9
I,0.43,0.33,0.095,0.32,0.118,0.065,0.123,7
I,0.605,0.435,0.13,0.9025,0.4320000000000001,0.174,0.26,11
I,0.54,0.415,0.11,0.619,0.2755,0.15,0.1765,10
I,0.525,0.4,0.125,0.6965,0.369,0.1385,0.16399999999999998,9
F,0.525,0.38,0.14,0.6065,0.194,0.1475,0.21,14
M,0.59,0.445,0.14,0.931,0.35600000000000004,0.234,0.28,12
M,0.59,0.485,0.155,1.0785,0.4535,0.2435,0.31,9
I,0.435,0.315,0.11,0.3685,0.1615,0.0715,0.12,7
I,0.635,0.5,0.165,1.489,0.715,0.3445,0.3615,13
F,0.69,0.54,0.195,1.2525,0.73,0.3975,0.462,12
M,0.775,0.63,0.25,2.7795,1.3485,0.76,0.578,12
F,0.7,0.525,0.19,1.6465,0.8545,0.307,0.3995,9
I,0.475,0.365,0.1,0.1315,0.2025,0.0875,0.123,7
F,0.63,0.5,0.18,1.1965,0.514,0.2325,0.3995,8
F,0.66,0.525,0.2,1.463,0.6525,0.2995,0.422,11
I,0.435,0.335,0.11,0.383,0.1555,0.0675,0.135,12
I,0.51,0.4,0.125,0.5575,0.2615,0.1195,0.1525,9
I,0.27,0.195,0.07,0.102,0.045,0.0135,0.034,8
I,0.495,0.375,0.12,0.589,0.3075,0.1215,0.1405,8
M,0.56,0.42,0.15,0.8755,0.44,0.1965,0.2315,8
M,0.515,0.385,0.13,0.623,0.2855,0.1285,0.175,10
F,0.625,0.5,0.16,1.217,0.5725,0.207,0.355,11
F,0.475,0.365,0.115,0.5660000000000001,0.281,0.117,0.1335,7
F,0.545,0.415,0.15,0.7335,0.2795,0.163,0.2185,11
M,0.59,0.485,0.12,0.911,0.39,0.182,0.29,16
M,0.295,0.215,0.075,0.129,0.05,0.0295,0.04,7
F,0.57,0.465,0.18,0.9995,0.405,0.277,0.295,16
I,0.44,0.345,0.12,0.365,0.1655,0.083,0.11,7
M,0.485,0.365,0.155,1.029,0.4235,0.2285,0.313,8
F,0.465,0.35,0.115,0.421,0.1565,0.091,0.1345,9
I,0.475,0.365,0.12,0.5185,0.268,0.1095,0.1365,8
I,0.355,0.26,0.09,0.1925,0.077,0.038,0.065,8
I,0.55,0.445,0.11,0.7935,0.378,0.142,0.26,10
I,0.5,0.395,0.14,0.6215,0.2925,0.1205,0.195,9
F,0.535,0.45,0.135,0.8075,0.322,0.181,0.25,13
I,0.48,0.355,0.11,0.4495,0.201,0.08900000000000001,0.14,8
I,0.575,0.455,0.16,0.9895,0.495,0.195,0.246,9
F,0.665,0.505,0.165,1.349,0.5985,0.3175,0.36,9
M,0.535,0.405,0.14,0.7315,0.336,0.156,0.19,7
F,0.575,0.45,0.16,1.068,0.556,0.214,0.2575,10
F,0.645,0.52,0.21,1.5535,0.616,0.3655,0.474,16
I,0.54,0.39,0.125,0.6255,0.2525,0.158,0.19,8
I,0.545,0.405,0.135,0.5945,0.27,0.1185,0.185,8
I,0.44,0.325,0.09,0.35,0.14800000000000002,0.067,0.105,7
I,0.345,0.285,0.1,0.2225,0.0865,0.058,0.075,8
M,0.525,0.425,0.125,0.812,0.4035,0.1705,0.195,8
F,0.635,0.505,0.165,1.251,0.5770000000000001,0.227,0.3825,11
I,0.575,0.45,0.135,0.8715,0.45,0.162,0.225,10
I,0.495,0.38,0.13,0.5125,0.2185,0.116,0.16,7
I,0.515,0.35,0.105,0.4745,0.213,0.123,0.1275,10
I,0.59,0.45,0.145,1.022,0.428,0.268,0.265,10
I,0.5,0.36,0.12,0.439,0.1875,0.1055,0.1305,8
M,0.51,0.39,0.125,0.6565,0.262,0.1835,0.175,10
M,0.565,0.45,0.155,1.0595,0.4735,0.24,0.265,10
I,0.35,0.27,0.075,0.215,0.1,0.036000000000000004,0.065,6
F,0.55,0.465,0.18,1.2125,0.3245,0.205,0.525,27
I,0.55,0.445,0.145,0.7829999999999999,0.3045,0.157,0.265,11
F,0.595,0.47,0.25,1.283,0.462,0.2475,0.445,14
F,0.685,0.545,0.18,1.768,0.7495,0.392,0.485,16
M,0.33,0.255,0.095,0.1875,0.0735,0.045,0.06,7
M,0.66,0.51,0.18,1.261,0.5,0.2335,0.339,10
F,0.46,0.33,0.15,0.5325,0.2085,0.1805,0.125,10
F,0.565,0.44,0.15,0.983,0.4475,0.2355,0.2485,9
M,0.615,0.47,0.165,1.128,0.4465,0.2195,0.34,10
F,0.615,0.5,0.165,1.327,0.6,0.3015,0.355,10
I,0.45,0.355,0.11,0.4585,0.194,0.067,0.14,8
M,0.57,0.445,0.16,1.0145,0.516,0.16399999999999998,0.3,10
I,0.39,0.3,0.095,0.3265,0.1665,0.0575,0.08900000000000001,7
I,0.36,0.27,0.09,0.232,0.12,0.0435,0.056,8
I,0.485,0.365,0.14,0.4475,0.1895,0.0925,0.2305,8
I,0.525,0.43,0.15,0.7365,0.3225,0.161,0.215,11
F,0.645,0.5,0.15,1.159,0.4675,0.3355,0.31,9
M,0.5,0.38,0.155,0.66,0.2655,0.1365,0.215,19
I,0.365,0.275,0.135,0.24,0.108,0.0445,0.0735,7
F,0.57,0.445,0.155,1.017,0.5265,0.2025,0.265,10
M,0.435,0.335,0.11,0.4385,0.2075,0.0715,0.1315,7
F,0.61,0.43,0.14,0.909,0.438,0.2,0.22,8
I,0.465,0.355,0.12,0.5805,0.255,0.0915,0.184,8
F,0.485,0.38,0.15,0.605,0.2155,0.14,0.18,15
F,0.44,0.34,0.105,0.364,0.14800000000000002,0.0805,0.1175,8
F,0.485,0.375,0.135,0.556,0.1925,0.1315,0.1685,10
