M,0.6,0.48,0.175,1.229,0.4125,0.2735,0.415,13
I,0.45,0.36,0.13,0.478,0.191,0.127,0.13699999999999998,7
M,0.715,0.525,0.2,1.89,0.95,0.436,0.4305,10
M,0.42,0.34,0.125,0.4495,0.165,0.1125,0.14400000000000002,11
I,0.36,0.27,0.09,0.219,0.097,0.0405,0.065,6
F,0.375,0.29,0.08,0.282,0.1405,0.0725,0.08,7
F,0.72,0.575,0.17,1.9335,0.913,0.389,0.51,13
I,0.54,0.4,0.145,0.757,0.315,0.181,0.215,11
F,0.62,0.47,0.225,1.115,0.378,0.2145,0.36,15
I,0.375,0.28,0.08,0.2025,0.0825,0.048,0.065,8
I,0.295,0.22,0.07,0.126,0.0515,0.0275,0.035,6
I,0.355,0.27,0.075,0.204,0.3045,0.046,0.0595,7
F,0.57,0.425,0.13,0.782,0.3695,0.1745,0.1965,8
M,0.585,0.465,0.155,0.9145,0.4555,0.1965,0.235,9
F,0.515,0.42,0.135,0.6295,0.2815,0.127,0.215,9
M,0.645,0.51,0.19,1.4745,0.605,0.345,0.48,9
F,0.6,0.465,0.15,1.1025,0.5455,0.262,0.25,8
I,0.35,0.27,0.09,0.2055,0.075,0.0575,0.062,6
I,0.435,0.32,0.08,0.3325,0.1485,0.0635,0.105,9
I,0.565,0.46,0.155,0.8715,0.3755,0.215,0.25,10
M,0.28,0.21,0.065,0.0905,0.035,0.02,0.03,5
I,0.41,0.325,0.1,0.394,0.208,0.0655,0.106,6
I,0.455,0.355,0.125,0.5325,0.225,0.126,0.1465,7
M,0.445,0.32,0.12,0.414,0.199,0.09,0.117,7
F,0.695,0.535,0.175,1.361,0.5465,0.2815,0.465,10
M,0.54,0.415,0.145,0.74,0.2635,0.168,0.245,12
F,0.57,0.45,0.15,0.9645,0.531,0.189,0.209,9
F,0.515,0.375,0.11,0.6065,0.3005,0.131,0.15,6
F,0.72,0.575,0.215,2.1,0.8565,0.4825,0.602,12
M,0.39,0.285,0.095,0.271,0.11,0.06,0.08,8
I,0.575,0.445,0.17,0.8015,0.3475,0.1465,0.25,9
F,0.57,0.465,0.155,0.9685,0.446,0.261,0.255,9
F,0.615,0.47,0.175,1.2985,0.5135,0.343,0.32,14
M,0.295,0.23,0.085,0.125,0.042,0.0285,0.043,8
I,0.61,0.465,0.125,0.9225,0.436,0.19,0.26,9
I,0.56,0.44,0.165,0.8,0.335,0.1735,0.25,12
M,0.535,0.41,0.12,0.6835,0.3125,0.1655,0.159,8
F,0.34,0.255,0.085,0.204,0.097,0.021,0.05,6
F,0.75,0.57,0.21,2.236,1.109,0.5195,0.545,11
F,0.43,0.325,0.12,0.445,0.165,0.0995,0.155,8
I,0.28,0.2,0.075,0.1225,0.0545,0.0115,0.035,5
I,0.335,0.25,0.095,0.185,0.0795,0.0495,0.055,8
I,0.44,0.33,0.135,0.4095,0.163,0.1005,0.119,6
F,0.49,0.37,0.105,0.5265,0.249,0.1005,0.14800000000000002,7
F,0.675,0.525,0.17,1.8095,0.784,0.391,0.455,12
F,0.61,0.49,0.17,1.137,0.4605,0.2825,0.344,12
F,0.465,0.36,0.12,0.4765,0.192,0.1125,0.16,10
M,0.685,0.52,0.15,1.3735,0.7185,0.293,0.32,11
M,0.505,0.395,0.125,0.635,0.29,0.1555,0.175,9
F,0.445,0.355,0.15,0.485,0.181,0.125,0.155,11
F,0.565,0.505,0.21,1.2765,0.501,0.279,0.355,12
I,0.52,0.415,0.14,0.6385,0.2945,0.1405,0.171,8
M,0.485,0.355,0.12,0.547,0.215,0.1615,0.14,10
M,0.63,0.505,0.155,1.105,0.4920000000000001,0.226,0.325,11
I,0.54,0.435,0.145,0.97,0.4285,0.22,0.264,17
M,0.26,0.19,0.075,0.0945,0.0445,0.02,0.03,6
M,0.565,0.455,0.185,0.9265,0.354,0.1575,0.375,16
M,0.355,0.265,0.085,0.201,0.069,0.053,0.0695,8
F,0.62,0.5,0.175,1.186,0.4985,0.3015,0.35,12
M,0.595,0.475,0.16,1.3175,0.408,0.234,0.58,21
M,0.59,0.45,0.12,0.7485,0.3345,0.1315,0.22,14
M,0.575,0.475,0.16,1.114,0.4955,0.2745,0.29,9
I,0.47,0.35,0.135,0.5670000000000001,0.2315,0.1465,0.1525,11
I,0.32,0.245,0.08,0.1585,0.0635,0.0325,0.05,13
I,0.425,0.31,0.095,0.3075,0.139,0.0745,0.093,7
I,0.375,0.265,0.095,0.196,0.085,0.042,0.0585,5
I,0.37,0.28,0.09,0.218,0.0995,0.0545,0.0615,7
M,0.705,0.565,0.515,2.21,1.1075,0.4865,0.512,10
F,0.58,0.475,0.135,0.925,0.391,0.165,0.275,14
I,0.45,0.355,0.12,0.412,0.1145,0.0665,0.16,19
F,0.68,0.52,0.185,1.541,0.5985,0.395,0.4575,10
F,0.415,0.325,0.115,0.3455,0.1405,0.0765,0.11,9
F,0.56,0.435,0.185,1.106,0.422,0.2435,0.33,15
I,0.44,0.345,0.13,0.4495,0.209,0.0835,0.134,6
M,0.58,0.46,0.165,1.2275,0.473,0.1965,0.435,16
M,0.625,0.47,0.175,1.179,0.605,0.258,0.271,9
F,0.54,0.415,0.15,0.8115,0.3875,0.1875,0.2035,9
I,0.31,0.23,0.07,0.1245,0.0505,0.0265,0.038,6
I,0.415,0.31,0.095,0.34,0.181,0.057,0.083,6
M,0.665,0.535,0.225,2.1835,0.7535,0.391,0.885,27
I,0.275,0.22,0.08,0.1365,0.0565,0.0285,0.042,6
M,0.59,0.455,0.155,0.8855,0.388,0.188,0.275,10
F,0.595,0.455,0.14,0.914,0.3895,0.2225,0.271,9
F,0.585,0.465,0.165,0.9355,0.4035,0.2275,0.259,9
M,0.515,0.395,0.135,1.007,0.472,0.2495,0.252,8
F,0.505,0.405,0.16,0.6835,0.271,0.145,0.215,10
M,0.475,0.37,0.125,0.537,0.222,0.1215,0.15,9
I,0.555,0.45,0.175,0.738,0.304,0.1755,0.22,9
M,0.615,0.475,0.175,1.103,0.4635,0.3095,0.2725,10
M,0.6,0.47,0.16,1.012,0.441,0.2015,0.305,10
I,0.55,0.43,0.145,0.7120000000000001,0.3025,0.152,0.225,10
M,0.59,0.455,0.16,1.09,0.5,0.2215,0.292,9
M,0.75,0.55,0.18,1.893,0.942,0.397,0.445,11
M,0.535,0.43,0.155,0.7845,0.3285,0.16899999999999998,0.245,10
M,0.37,0.28,0.095,0.2225,0.0805,0.051,0.075,7
F,0.345,0.255,0.1,0.197,0.071,0.051,0.06,9
F,0.535,0.42,0.13,0.6990000000000001,0.3125,0.1565,0.2035,8
M,0.54,0.435,0.18,0.996,0.3835,0.226,0.325,17
I,0.325,0.25,0.08,0.1735,0.0765,0.0345,0.049,7
M,0.475,0.37,0.125,0.655,0.266,0.1725,0.185,10
I,0.37,0.285,0.095,0.226,0.1135,0.0515,0.0675,8
F,0.615,0.475,0.17,1.055,0.5429999999999999,0.246,0.2345,9
F,0.63,0.485,0.19,1.2435,0.4635,0.3055,0.39,21
F,0.37,0.29,0.115,0.25,0.111,0.057,0.075,9
F,0.61,0.485,0.21,1.3445,0.535,0.2205,0.515,20
M,0.48,0.37,0.1,0.5135,0.243,0.1015,0.135,8
M,0.525,0.4,0.13,0.8295,0.2405,0.1825,0.275,11
F,0.655,0.51,0.15,1.043,0.4795,0.223,0.305,9
M,0.695,0.54,0.195,1.6909999999999998,0.768,0.363,0.4755,11
F,0.62,0.48,0.17,1.1045,0.535,0.25,0.287,10
M,0.6,0.475,0.155,1.1385,0.502,0.2295,0.31,9
M,0.595,0.435,0.16,1.057,0.4255,0.224,0.31,9
I,0.475,0.375,0.11,0.494,0.211,0.109,0.1545,8
M,0.505,0.405,0.14,0.875,0.2665,0.174,0.285,12
F,0.58,0.45,0.235,1.071,0.3,0.206,0.395,14
I,0.49,0.375,0.125,0.5445,0.279,0.115,0.13,8
M,0.625,0.485,0.16,1.2135,0.631,0.2235,0.302,9
F,0.62,0.495,0.17,1.062,0.3720000000000001,0.213,0.34,11
F,0.595,0.465,0.155,1.026,0.4645,0.112,0.305,12
I,0.445,0.325,0.1,0.378,0.1795,0.1,0.08900000000000001,7
I,0.42,0.345,0.115,0.3435,0.1515,0.0795,0.115,9
M,0.575,0.435,0.13,1.0105,0.368,0.222,0.32,10
F,0.49,0.355,0.16,0.8795,0.3485,0.215,0.2825,8
M,0.555,0.4,0.13,0.7075,0.332,0.1585,0.18,7
I,0.58,0.47,0.15,0.907,0.444,0.1855,0.2445,11
M,0.525,0.405,0.12,0.7555,0.3755,0.1555,0.201,9
I,0.45,0.335,0.095,0.3505,0.1615,0.0625,0.1185,7
F,0.64,0.51,0.165,1.486,0.7595,0.332,0.321,8
F,0.465,0.35,0.13,0.494,0.1945,0.103,0.155,18
F,0.545,0.44,0.135,0.9185,0.429,0.2015,0.2375,10
F,0.585,0.465,0.17,0.9915,0.3865,0.224,0.265,12
F,0.715,0.585,0.23,2.0725,0.8655,0.4095,0.565,10
F,0.495,0.385,0.135,0.6625,0.3005,0.1635,0.185,11
M,0.57,0.455,0.15,0.952,0.3895,0.2155,0.2745,9
M,0.44,0.375,0.13,0.487,0.226,0.0965,0.155,9
I,0.595,0.46,0.15,0.8335,0.377,0.1925,0.235,8
I,0.41,0.305,0.1,0.2645,0.1,0.0655,0.085,7
M,0.53,0.42,0.135,0.675,0.294,0.156,0.1825,10
F,0.425,0.345,0.11,0.3665,0.125,0.081,0.117,11
M,0.6,0.45,0.145,0.877,0.4325,0.155,0.24,9
M,0.57,0.435,0.145,0.9055,0.3925,0.2355,0.275,10
F,0.725,0.575,0.175,2.124,0.765,0.4515,0.85,20
F,0.52,0.4,0.125,0.6865,0.295,0.1715,0.185,9
M,0.565,0.455,0.155,0.9355,0.421,0.183,0.26,11
M,0.695,0.57,0.2,2.033,0.7509999999999999,0.4255,0.685,15
I,0.42,0.305,0.11,0.28,0.094,0.0785,0.0955,9
M,0.47,0.365,0.12,0.612,0.327,0.15,0.14,8
M,0.505,0.4,0.13,0.764,0.3035,0.189,0.2175,11
M,0.625,0.5,0.17,1.0985,0.4645,0.22,0.354,9
I,0.485,0.37,0.115,0.637,0.38,0.1335,0.128,7
M,0.71,0.56,0.175,1.724,0.5660000000000001,0.4575,0.4625,13
F,0.61,0.475,0.15,1.1135,0.5195,0.2575,0.3005,11
M,0.745,0.575,0.2,1.884,0.954,0.336,0.495,12
I,0.32,0.235,0.09,0.183,0.098,0.0335,0.042,7
M,0.285,0.21,0.075,0.1185,0.055,0.0285,0.04,7
M,0.275,0.205,0.07,0.094,0.0335,0.02,0.0325,5
I,0.55,0.425,0.15,0.639,0.269,0.1345,0.217,9
M,0.625,0.515,0.165,1.217,0.667,0.2065,0.3115,10
M,0.565,0.45,0.115,0.9085,0.398,0.197,0.29,17
M,0.56,0.435,0.18,0.889,0.36,0.204,0.25,11
M,0.525,0.405,0.13,0.7185,0.3265,0.1975,0.175,8
I,0.465,0.38,0.13,0.454,0.1895,0.08,0.155,11
I,0.465,0.37,0.11,0.445,0.1635,0.096,0.166,7
I,0.32,0.23,0.06,0.129,0.0615,0.0275,0.0355,7
M,0.61,0.47,0.17,1.1185,0.5225,0.2405,0.31,9
F,0.56,0.435,0.15,0.8715,0.4755,0.1835,0.1835,9
I,0.475,0.355,0.125,0.4865,0.2155,0.1105,0.142,9
M,0.715,0.545,0.18,1.7405,0.871,0.34700000000000003,0.449,10
M,0.595,0.47,0.155,1.2015,0.4920000000000001,0.3865,0.265,10
M,0.29,0.23,0.075,0.1165,0.043,0.0255,0.04,7
M,0.535,0.405,0.175,1.2705,0.5479999999999999,0.3265,0.337,13
F,0.66,0.505,0.19,1.4045,0.6255,0.3375,0.3745,9
M,0.455,0.34,0.135,0.462,0.1675,0.158,0.12,9
F,0.47,0.35,0.145,0.5175,0.187,0.1235,0.18,11
F,0.64,0.525,0.215,1.779,0.4535,0.2855,0.55,22
F,0.505,0.375,0.115,0.5895,0.2635,0.12,0.16699999999999998,10
F,0.605,0.515,0.17,1.289,0.6,0.2945,0.3315,9
I,0.53,0.43,0.13,0.7045,0.34600000000000003,0.1415,0.189,9
M,0.34,0.275,0.09,0.2065,0.0725,0.043,0.07,10
F,0.45,0.365,0.115,0.5885,0.318,0.121,0.1325,8
I,0.5,0.375,0.125,0.5695,0.259,0.124,0.157,7
I,0.42,0.31,0.095,0.279,0.1255,0.051,0.08800000000000001,6
F,0.5,0.4,0.145,0.63,0.234,0.1465,0.23,12
F,0.55,0.43,0.14,0.84,0.375,0.218,0.1945,8
M,0.52,0.385,0.165,0.7909999999999999,0.375,0.18,0.1815,10
I,0.405,0.31,0.065,0.3205,0.1575,0.066,0.08800000000000001,6
F,0.45,0.345,0.12,0.4165,0.1655,0.095,0.135,9
F,0.525,0.39,0.135,0.6005,0.2265,0.131,0.21,16
M,0.725,0.55,0.2,1.51,0.8735,0.4265,0.5085,9
M,0.59,0.46,0.14,1.004,0.496,0.2165,0.26,9
F,0.58,0.445,0.135,0.95,0.484,0.182,0.2325,8
M,0.37,0.29,0.09,0.241,0.11,0.045,0.069,10
F,0.66,0.53,0.185,1.346,0.546,0.2705,0.476,11
F,0.6,0.46,0.155,0.9735,0.4270000000000001,0.2045,0.3,8
F,0.52,0.405,0.145,0.8290000000000001,0.3535,0.1685,0.205,15
M,0.625,0.455,0.17,1.082,0.4955,0.2345,0.315,9
F,0.72,0.525,0.18,1.445,0.631,0.3215,0.435,7
M,0.36,0.295,0.1,0.2105,0.066,0.0525,0.075,9
I,0.435,0.33,0.095,0.393,0.219,0.075,0.0885,6
I,0.575,0.45,0.135,0.8245,0.3375,0.2115,0.239,11
M,0.57,0.455,0.175,1.02,0.4805,0.2145,0.29,9
M,0.505,0.395,0.135,0.5915,0.28800000000000003,0.1315,0.185,12
F,0.57,0.435,0.14,0.8585,0.3905,0.196,0.2295,8
M,0.61,0.48,0.14,1.031,0.4375,0.2615,0.27,8
I,0.14,0.105,0.035,0.014,0.0055,0.0025,0.004,3
F,0.55,0.43,0.155,0.785,0.289,0.227,0.233,11
F,0.605,0.475,0.175,1.0759999999999998,0.463,0.2195,0.335,9
F,0.71,0.5,0.15,1.3165,0.6835,0.2815,0.28,10
F,0.74,0.6,0.195,1.974,0.598,0.4085,0.71,16
M,0.66,0.525,0.18,1.4780000000000002,0.5815,0.381,0.3720000000000001,10
I,0.425,0.32,0.085,0.262,0.1235,0.067,0.0725,8
M,0.545,0.42,0.12,0.7865,0.403,0.185,0.17,7
I,0.355,0.275,0.085,0.22,0.092,0.06,0.15,8
I,0.46,0.35,0.12,0.4885,0.193,0.105,0.155,11
I,0.4,0.31,0.1,0.127,0.106,0.071,0.085,7
M,0.63,0.48,0.145,1.0115,0.4235,0.237,0.305,12
M,0.695,0.53,0.19,1.726,0.7625,0.436,0.455,11
I,0.37,0.28,0.095,0.2655,0.122,0.052000000000000005,0.08,7
M,0.615,0.47,0.175,1.242,0.5675,0.287,0.317,11
F,0.47,0.36,0.12,0.4775,0.2105,0.1055,0.15,10
M,0.59,0.5,0.15,1.142,0.485,0.265,0.345,9
F,0.655,0.545,0.185,1.759,0.6865,0.313,0.547,11
M,0.65,0.515,0.175,1.466,0.677,0.3045,0.4,10
I,0.425,0.325,0.105,0.3975,0.1815,0.081,0.1175,7
F,0.73,0.555,0.18,1.6895,0.6555,0.1965,0.4935,10
M,0.72,0.56,0.18,1.5865,0.691,0.375,0.4425,11
I,0.4,0.31,0.1,0.306,0.13,0.06,0.094,6
M,0.53,0.425,0.155,0.7905,0.307,0.171,0.2595,9
M,0.52,0.385,0.14,0.6595,0.2485,0.2035,0.16,9
M,0.63,0.48,0.15,1.271,0.6605,0.2425,0.31,11
M,0.76,0.575,0.19,1.829,0.7035,0.386,0.56,14
I,0.375,0.275,0.09,0.238,0.1075,0.0545,0.07,6
F,0.59,0.415,0.15,0.8805,0.3645,0.234,0.235,11
F,0.7,0.525,0.19,1.6015,0.7070000000000001,0.365,0.43,10
I,0.545,0.43,0.13,0.7595,0.358,0.153,0.2055,8
M,0.575,0.44,0.16,0.9615,0.483,0.166,0.275,13
M,0.635,0.48,0.19,1.467,0.5825,0.303,0.42,15
M,0.33,0.25,0.09,0.197,0.085,0.041,0.0605,10
I,0.585,0.45,0.135,0.855,0.3795,0.187,0.26,9
M,0.65,0.52,0.175,1.2655,0.615,0.2775,0.336,9
M,0.365,0.295,0.08,0.2555,0.097,0.043,0.1,7
F,0.41,0.305,0.1,0.363,0.1735,0.065,0.11,11
F,0.51,0.37,0.21,1.183,0.508,0.292,0.343,9
M,0.66,0.515,0.2,1.6465,0.7490000000000001,0.422,0.401,11
M,0.64,0.53,0.165,1.1895,0.4765,0.3,0.35,11
M,0.62,0.48,0.15,1.266,0.6285,0.2575,0.309,12
F,0.575,0.46,0.145,0.9945,0.466,0.229,0.265,7
F,0.435,0.35,0.11,0.384,0.14300000000000002,0.1005,0.125,13
I,0.385,0.28,0.125,0.244,0.102,0.038,0.085,6
M,0.44,0.355,0.125,0.4775,0.132,0.0815,0.19,9
M,0.325,0.23,0.09,0.147,0.06,0.034,0.045,4
I,0.47,0.36,0.13,0.5225,0.198,0.1065,0.165,9
I,0.575,0.475,0.17,0.967,0.3775,0.284,0.275,13
M,0.55,0.42,0.145,0.7385,0.321,0.1485,0.252,11
I,0.55,0.465,0.15,0.936,0.481,0.174,0.2435,9
F,0.635,0.505,0.17,1.2635,0.512,0.322,0.355,9
M,0.58,0.475,0.15,0.97,0.385,0.2165,0.35,11
I,0.295,0.215,0.085,0.128,0.049,0.034,0.04,6
F,0.53,0.405,0.15,0.889,0.4055,0.2275,0.215,8
M,0.65,0.525,0.185,1.4880000000000002,0.665,0.337,0.378,11
F,0.645,0.5,0.155,1.2205,0.6145,0.236,0.3185,10
F,0.67,0.525,0.19,1.527,0.5755,0.353,0.44,12
M,0.475,0.355,0.12,0.48,0.234,0.1015,0.135,8
I,0.425,0.315,0.095,0.3675,0.1865,0.0675,0.0985,7
I,0.435,0.325,0.1,0.366,0.174,0.0725,0.109,7
M,0.415,0.345,0.135,0.3865,0.128,0.07,0.14800000000000002,13
F,0.59,0.44,0.14,1.007,0.4775,0.2105,0.2925,9
M,0.655,0.54,0.165,1.403,0.6955,0.2385,0.42,11
I,0.52,0.4,0.11,0.597,0.2935,0.1155,0.16,8
M,0.665,0.52,0.175,1.3725,0.606,0.32,0.395,12
M,0.525,0.41,0.13,0.6875,0.3435,0.1495,0.1765,9
M,0.57,0.405,0.16,0.9245,0.3445,0.2185,0.295,19
M,0.565,0.45,0.14,1.0055,0.3785,0.244,0.265,12
F,0.59,0.465,0.15,1.151,0.613,0.239,0.2515,9
I,0.57,0.445,0.145,0.7405,0.306,0.172,0.1825,12
M,0.65,0.525,0.185,1.622,0.6645,0.3225,0.477,10
F,0.45,0.36,0.11,0.447,0.203,0.08199999999999999,0.13,12
F,0.72,0.55,0.2,1.9965,0.9035,0.469,0.5215,10
M,0.545,0.45,0.15,0.978,0.3365,0.1905,0.3,11
F,0.52,0.425,0.15,0.813,0.385,0.2015,0.23,10
I,0.255,0.19,0.075,0.0865,0.0345,0.0205,0.025,5
I,0.31,0.215,0.075,0.1275,0.0565,0.0275,0.036000000000000004,7
M,0.675,0.545,0.185,1.7375,0.8759999999999999,0.3135,0.469,13
M,0.585,0.475,0.12,0.945,0.41,0.2115,0.28,14
M,0.555,0.455,0.135,0.8370000000000001,0.382,0.171,0.235,9
I,0.235,0.18,0.06,0.058,0.022,0.0145,0.018000000000000002,6
I,0.535,0.42,0.145,0.6885,0.273,0.1515,0.237,9
I,0.295,0.225,0.09,0.1105,0.0405,0.0245,0.032,7
F,0.475,0.38,0.135,0.486,0.1735,0.07,0.185,7
M,0.575,0.45,0.155,0.948,0.429,0.206,0.259,7
I,0.4,0.29,0.1,0.2675,0.1205,0.0605,0.0765,5
I,0.5,0.385,0.12,0.56,0.2835,0.103,0.135,8
F,0.595,0.46,0.155,1.0455,0.4565,0.24,0.3085,10
M,0.705,0.555,0.215,2.141,1.0465,0.383,0.528,11
F,0.6,0.48,0.18,1.0645,0.4495,0.2455,0.325,10
F,0.505,0.39,0.16,0.644,0.2475,0.2025,0.1635,9
M,0.465,0.36,0.105,0.431,0.172,0.107,0.175,9
M,0.61,0.49,0.16,1.112,0.465,0.228,0.341,10
M,0.575,0.425,0.14,0.8635,0.393,0.227,0.2,11
I,0.38,0.285,0.095,0.243,0.0895,0.0665,0.075,7
I,0.42,0.32,0.115,0.376,0.16899999999999998,0.092,0.1,5
F,0.705,0.53,0.17,1.564,0.612,0.394,0.44,10
I,0.4,0.315,0.1,0.3225,0.14300000000000002,0.0735,0.091,6
M,0.63,0.48,0.165,1.286,0.604,0.271,0.35,8
F,0.485,0.4,0.155,0.731,0.236,0.183,0.255,11
I,0.29,0.225,0.075,0.152,0.071,0.059,0.045,9
I,0.32,0.235,0.065,0.1385,0.058,0.0225,0.05,5
M,0.62,0.48,0.165,1.0855,0.481,0.2575,0.305,10
F,0.44,0.34,0.135,0.3975,0.1505,0.0945,0.135,8
F,0.635,0.49,0.17,1.2615,0.5385,0.2665,0.38,9
M,0.61,0.48,0.165,1.2435,0.5575,0.2675,0.3720000000000001,8
F,0.625,0.48,0.155,1.2035,0.5865,0.239,0.3185,12
M,0.58,0.465,0.16,1.0345,0.315,0.26,0.3635,12
F,0.58,0.425,0.155,0.873,0.3615,0.249,0.239,10
F,0.525,0.4,0.135,0.7140000000000001,0.318,0.138,0.208,10
I,0.61,0.475,0.15,0.9665,0.4145,0.2,0.345,10
I,0.59,0.45,0.125,0.86,0.4370000000000001,0.1515,0.245,9
M,0.555,0.44,0.15,1.092,0.416,0.212,0.4405,15
I,0.42,0.315,0.115,0.355,0.1895,0.065,0.087,6
I,0.37,0.275,0.1,0.2815,0.1505,0.0505,0.068,5
M,0.43,0.31,0.13,0.6485,0.2735,0.163,0.184,9
M,0.6,0.47,0.15,0.928,0.4225,0.183,0.275,8
F,0.65,0.565,0.2,1.6645,0.753,0.3670000000000001,0.43,12
I,0.34,0.265,0.08,0.2015,0.09,0.0475,0.055,5
M,0.56,0.455,0.165,0.86,0.4015,0.1695,0.245,11
F,0.685,0.54,0.215,1.7025,0.664,0.3655,0.4735,14
M,0.645,0.515,0.24,1.5415,0.471,0.369,0.535,13
M,0.55,0.425,0.15,0.8315,0.411,0.1765,0.2165,10
F,0.585,0.435,0.14,0.6955,0.3085,0.129,0.2245,8
I,0.385,0.3,0.09,0.308,0.1525,0.056,0.0835,8
I,0.205,0.155,0.045,0.0495,0.0235,0.011,0.014,3
M,0.66,0.515,0.165,1.4465,0.6940000000000001,0.298,0.3755,10
I,0.35,0.26,0.075,0.18,0.09,0.0245,0.055,5
I,0.3,0.22,0.065,0.1195,0.052000000000000005,0.0155,0.035,5
I,0.34,0.26,0.08,0.2,0.08,0.0555,0.055,6
I,0.33,0.265,0.085,0.196,0.0775,0.0305,0.0445,6
I,0.41,0.335,0.105,0.3305,0.1405,0.064,0.105,7
I,0.375,0.28,0.1,0.2565,0.1165,0.0585,0.0725,12
M,0.44,0.32,0.12,0.4565,0.2435,0.092,0.1025,8
F,0.67,0.51,0.155,1.278,0.5605,0.3045,0.358,11
I,0.47,0.37,0.12,0.4705,0.1845,0.1055,0.155,12
M,0.515,0.395,0.12,0.6459999999999999,0.285,0.1365,0.172,9
M,0.625,0.5,0.185,1.2425,0.5995,0.248,0.335,10
F,0.505,0.39,0.125,0.5445,0.246,0.15,0.1405,7
M,0.61,0.5,0.165,1.2715,0.4915,0.185,0.49,12
I,0.295,0.22,0.07,0.1365,0.0575,0.0295,0.035,6
F,0.375,0.29,0.115,0.2705,0.093,0.066,0.0885,10
I,0.515,0.4,0.12,0.659,0.2705,0.179,0.17,13
M,0.555,0.435,0.135,0.858,0.377,0.1585,0.29,15
F,0.655,0.52,0.2,1.5475,0.713,0.314,0.466,9
I,0.57,0.44,0.15,0.755,0.3425,0.16,0.224,8
I,0.45,0.33,0.1,0.411,0.1945,0.1,0.098,6
M,0.485,0.37,0.13,0.526,0.2485,0.105,0.1555,6
I,0.38,0.29,0.1,0.237,0.108,0.0395,0.08199999999999999,6
M,0.47,0.375,0.13,0.5795,0.2145,0.16399999999999998,0.195,13
M,0.59,0.47,0.16,1.206,0.479,0.2425,0.309,8
M,0.495,0.375,0.155,0.976,0.45,0.2285,0.2475,9
M,0.6,0.485,0.175,1.2675,0.4995,0.2815,0.38,13
M,0.505,0.4,0.155,0.8415,0.2715,0.1775,0.285,12
M,0.54,0.41,0.145,0.989,0.2815,0.213,0.355,19
I,0.525,0.385,0.13,0.607,0.2355,0.125,0.195,8
M,0.475,0.375,0.125,0.593,0.277,0.115,0.18,10
M,0.73,0.585,0.225,2.2305,1.2395,0.422,0.563,14
F,0.62,0.5,0.17,1.148,0.5475,0.22,0.3315,10
M,0.61,0.46,0.16,1.0,0.494,0.197,0.275,10
F,0.425,0.33,0.115,0.406,0.1635,0.081,0.1355,8
M,0.42,0.325,0.115,0.2885,0.1,0.057,0.1135,15
I,0.205,0.15,0.055,0.042,0.0255,0.015,0.012,5
M,0.475,0.36,0.14,0.5135,0.241,0.1045,0.155,8
I,0.52,0.41,0.14,0.6990000000000001,0.3395,0.129,0.1945,10
M,0.21,0.15,0.05,0.0385,0.0155,0.0085,0.01,3
I,0.255,0.19,0.05,0.083,0.0295,0.0215,0.027000000000000003,6
F,0.685,0.525,0.175,1.71,0.5415,0.309,0.58,16
M,0.44,0.35,0.14,0.451,0.171,0.0705,0.184,16
M,0.58,0.45,0.175,1.068,0.425,0.203,0.32,13
M,0.52,0.415,0.175,0.753,0.258,0.171,0.255,8
M,0.57,0.465,0.125,0.8490000000000001,0.3785,0.1765,0.24,15
M,0.535,0.435,0.155,0.8915,0.3415,0.177,0.25,13
M,0.61,0.485,0.17,1.0225,0.419,0.2405,0.36,12
I,0.185,0.375,0.12,0.4645,0.196,0.1045,0.15,6
I,0.44,0.33,0.11,0.38,0.197,0.079,0.09,7
F,0.635,0.475,0.15,1.1845,0.5329999999999999,0.307,0.29100000000000004,10
I,0.495,0.37,0.125,0.4715,0.2075,0.091,0.15,8
I,0.2,0.15,0.04,0.046,0.021,0.006999999999999999,0.0065,4
I,0.46,0.35,0.115,0.4155,0.18,0.098,0.1175,7
F,0.485,0.37,0.115,0.4785,0.1995,0.0955,0.129,7
I,0.36,0.265,0.075,0.1785,0.0785,0.035,0.054000000000000006,6
I,0.285,0.21,0.055,0.101,0.0415,0.017,0.0335,5
I,0.44,0.34,0.105,0.369,0.16399999999999998,0.08,0.1015,5
I,0.385,0.285,0.085,0.244,0.1215,0.0445,0.068,8
I,0.525,0.39,0.12,0.664,0.3115,0.147,0.17800000000000002,9
I,0.585,0.46,0.145,0.8465,0.339,0.16699999999999998,0.295,10
F,0.6,0.48,0.15,1.029,0.4085,0.2705,0.295,16
M,0.4,0.29,0.115,0.2795,0.1115,0.0575,0.075,9
I,0.33,0.26,0.085,0.1965,0.0915,0.0425,0.055,7
M,0.67,0.52,0.165,1.39,0.711,0.2865,0.3,11
F,0.58,0.435,0.14,0.953,0.475,0.2165,0.2095,9
F,0.63,0.495,0.2,1.4255,0.659,0.336,0.38,11
F,0.625,0.485,0.19,1.1745,0.4385,0.2305,0.42,17
I,0.275,0.195,0.065,0.106,0.054000000000000006,0.02,0.028,6
I,0.33,0.24,0.075,0.163,0.0745,0.033,0.048,6
F,0.41,0.315,0.11,0.321,0.1255,0.0655,0.095,10
M,0.415,0.32,0.1,0.3005,0.1215,0.0575,0.104,11
M,0.5,0.4,0.125,0.6725,0.336,0.12,0.1825,7
M,0.545,0.41,0.12,0.7929999999999999,0.434,0.1405,0.19,9
M,0.68,0.53,0.205,1.496,0.5825,0.337,0.465,14
I,0.49,0.39,0.12,0.511,0.2205,0.103,0.1745,9
I,0.475,0.365,0.12,0.53,0.2505,0.0975,0.1625,10
F,0.525,0.44,0.15,0.8425,0.3685,0.1985,0.24,12
F,0.57,0.45,0.165,0.903,0.3305,0.1845,0.295,14
M,0.405,0.305,0.12,0.3185,0.1235,0.0905,0.095,7
I,0.55,0.45,0.13,0.804,0.3375,0.1405,0.23,6
M,0.65,0.51,0.175,1.3165,0.6345,0.2605,0.364,12
F,0.46,0.355,0.13,0.458,0.192,0.1055,0.13,13
I,0.6,0.48,0.17,0.9175,0.38,0.2225,0.29,8
I,0.335,0.255,0.08,0.168,0.079,0.0355,0.05,5
I,0.355,0.265,0.085,0.2435,0.122,0.0525,0.06,6
M,0.61,0.47,0.165,1.052,0.498,0.242,0.267,9
F,0.505,0.375,0.18,0.568,0.2325,0.1495,0.17,12
M,0.57,0.44,0.155,1.116,0.4775,0.2315,0.27,13
M,0.545,0.435,0.165,0.9955,0.3245,0.2665,0.325,19
I,0.405,0.305,0.105,0.3625,0.1565,0.0705,0.125,10
M,0.5,0.39,0.13,0.7090000000000001,0.275,0.168,0.18,11
I,0.5,0.38,0.11,0.494,0.218,0.09,0.1325,7
F,0.475,0.38,0.14,0.6890000000000001,0.3165,0.1315,0.1955,7
F,0.585,0.42,0.155,1.034,0.4370000000000001,0.2225,0.32,11
M,0.545,0.45,0.16,0.8615,0.2925,0.1545,0.365,16
M,0.75,0.595,0.205,2.2205,1.083,0.421,0.63,12
M,0.57,0.46,0.17,0.9035,0.4075,0.1935,0.214,7
I,0.515,0.4,0.14,0.7165,0.3495,0.1595,0.1785,8
I,0.395,0.295,0.1,0.293,0.14,0.062,0.08199999999999999,7
F,0.68,0.56,0.195,1.664,0.58,0.3855,0.545,11
F,0.505,0.385,0.115,0.616,0.243,0.1075,0.21,11
M,0.55,0.43,0.16,0.9295,0.317,0.1735,0.355,13
M,0.605,0.455,0.16,1.1035,0.421,0.3015,0.325,9
I,0.355,0.27,0.1,0.21600000000000005,0.083,0.037000000000000005,0.075,10
I,0.375,0.275,0.09,0.218,0.093,0.0405,0.0755,6
F,0.39,0.3,0.1,0.265,0.1075,0.06,0.0865,13
M,0.47,0.37,0.135,0.547,0.222,0.1325,0.17,12
M,0.655,0.545,0.19,1.4245,0.6325,0.333,0.378,10
F,0.505,0.38,0.135,0.6855,0.361,0.1565,0.161,9
I,0.32,0.255,0.1,0.1755,0.073,0.0415,0.065,7
F,0.655,0.515,0.17,1.527,0.8485,0.2635,0.331,11
F,0.655,0.5,0.205,1.528,0.6215,0.3725,0.4535,11
M,0.55,0.41,0.15,0.785,0.282,0.18600000000000005,0.275,12
M,0.585,0.455,0.125,1.027,0.391,0.212,0.25,17
I,0.385,0.3,0.1,0.2895,0.1215,0.063,0.09,7
I,0.29,0.225,0.07,0.101,0.036000000000000004,0.0235,0.035,8
F,0.58,0.44,0.175,1.073,0.4005,0.2345,0.335,19
F,0.615,0.475,0.155,1.115,0.484,0.2115,0.355,10
M,0.7,0.535,0.16,1.7255,0.63,0.2635,0.54,19
M,0.675,0.52,0.145,1.3645,0.557,0.3405,0.385,11
M,0.655,0.53,0.195,1.388,0.5670000000000001,0.2735,0.41,13
I,0.11,0.09,0.03,0.008,0.0025,0.002,0.003,3
I,0.24,0.17,0.05,0.0545,0.0205,0.016,0.0155,5
I,0.525,0.41,0.175,0.8740000000000001,0.3585,0.207,0.205,18
M,0.64,0.575,0.175,1.4585,0.625,0.266,0.4395,11
M,0.65,0.515,0.18,1.3315,0.5665,0.34700000000000003,0.405,13
I,0.5,0.38,0.135,0.5285,0.226,0.123,0.209,8
I,0.6,0.445,0.175,1.057,0.383,0.21600000000000005,0.355,16
M,0.585,0.43,0.16,0.955,0.3625,0.17600000000000002,0.27,11
F,0.625,0.49,0.155,1.33,0.6675,0.259,0.33,10
F,0.655,0.49,0.16,1.204,0.5455,0.2615,0.3225,9
I,0.52,0.41,0.11,0.5185,0.2165,0.0915,0.184,8
F,0.395,0.315,0.105,0.3515,0.1185,0.091,0.1195,16
M,0.6,0.465,0.165,1.038,0.4975,0.2205,0.251,9
I,0.42,0.325,0.125,0.3915,0.1575,0.1025,0.115,9
I,0.165,0.12,0.05,0.021,0.0075,0.0045,0.014,3
I,0.46,0.35,0.1,0.471,0.252,0.077,0.123,8
F,0.7,0.545,0.13,1.556,0.6725,0.374,0.195,12
I,0.405,0.305,0.1,0.268,0.1145,0.053,0.085,7
I,0.445,0.33,0.1,0.4370000000000001,0.163,0.0755,0.17,13
M,0.63,0.495,0.16,1.093,0.4970000000000001,0.221,0.315,12
F,0.6,0.505,0.19,1.129,0.4385,0.256,0.36,13
I,0.195,0.135,0.04,0.0325,0.0135,0.005,0.0095,4
F,0.71,0.56,0.18,1.652,0.735,0.381,0.4525,11
I,0.525,0.4,0.14,0.6955,0.2405,0.16,0.253,10
I,0.455,0.375,0.12,0.4970000000000001,0.2355,0.1055,0.1295,6
I,0.28,0.205,0.07,0.1015,0.041,0.03,0.03,6
I,0.415,0.305,0.12,0.336,0.165,0.076,0.0805,7
I,0.225,0.165,0.055,0.059,0.027000000000000003,0.0125,0.015,4
F,0.495,0.385,0.13,0.6905,0.3125,0.179,0.175,10
F,0.55,0.415,0.135,0.775,0.302,0.179,0.26,23
I,0.45,0.33,0.11,0.3685,0.16,0.0885,0.102,6
I,0.275,0.2,0.065,0.1165,0.0565,0.013,0.035,7
M,0.575,0.445,0.145,0.8759999999999999,0.3795,0.1615,0.27,10
I,0.36,0.28,0.08,0.1755,0.081,0.0505,0.07,6
F,0.56,0.43,0.15,0.8825,0.3465,0.172,0.31,9
M,0.575,0.46,0.165,0.9155,0.4005,0.2465,0.2385,8
M,0.155,0.115,0.025,0.024,0.009000000000000001,0.005,0.0075,5
M,0.585,0.49,0.185,1.171,0.522,0.2535,0.335,10
F,0.495,0.375,0.15,0.597,0.2615,0.135,0.17800000000000002,11
F,0.6,0.475,0.135,1.4405,0.5885,0.191,0.3175,9
M,0.235,0.16,0.06,0.0545,0.0265,0.0095,0.015,4
F,0.675,0.52,0.175,1.494,0.7365,0.3055,0.37,9
I,0.535,0.42,0.145,0.926,0.398,0.1965,0.25,17
F,0.435,0.35,0.105,0.4195,0.194,0.1005,0.13,7
F,0.67,0.545,0.16,1.5415,0.5985,0.2565,0.495,15
I,0.5,0.385,0.12,0.516,0.197,0.1305,0.165,8
F,0.53,0.405,0.13,0.6355,0.2635,0.1565,0.185,9
I,0.14,0.105,0.035,0.0145,0.005,0.0035,0.005,4
I,0.39,0.29,0.1,0.2225,0.095,0.0465,0.073,7
F,0.675,0.55,0.175,1.689,0.6940000000000001,0.371,0.474,13
M,0.595,0.5,0.165,1.06,0.402,0.28,0.275,11
M,0.62,0.495,0.175,1.806,0.643,0.3285,0.725,17
M,0.515,0.37,0.115,0.6145,0.3415,0.155,0.146,9
F,0.635,0.5,0.165,1.4595,0.705,0.2645,0.39,9
F,0.43,0.34,0.12,0.391,0.1555,0.095,0.1405,7
F,0.53,0.415,0.16,0.7829999999999999,0.2935,0.158,0.245,15
I,0.425,0.34,0.1,0.382,0.16399999999999998,0.096,0.1,6
I,0.435,0.335,0.095,0.298,0.109,0.058,0.115,7
F,0.64,0.5,0.17,1.5175,0.693,0.326,0.409,11
M,0.59,0.49,0.165,1.207,0.5589999999999999,0.235,0.309,10
F,0.56,0.46,0.18,0.97,0.342,0.196,0.355,12
M,0.58,0.455,0.195,1.859,0.945,0.426,0.441,9
F,0.59,0.45,0.16,0.9,0.358,0.156,0.315,19
F,0.53,0.43,0.15,0.741,0.325,0.1855,0.196,9
M,0.72,0.565,0.2,2.1055,1.017,0.363,0.494,12
I,0.615,0.46,0.19,1.0659999999999998,0.4335,0.226,0.33,13
I,0.51,0.455,0.135,0.6855,0.2875,0.154,0.2035,9
F,0.655,0.455,0.17,1.2895,0.5870000000000001,0.3165,0.3415,11
M,0.155,0.11,0.04,0.0155,0.0065,0.003,0.005,3
I,0.445,0.33,0.11,0.358,0.1525,0.067,0.1185,8
M,0.605,0.47,0.165,1.2315,0.6025,0.262,0.2925,11
I,0.235,0.175,0.065,0.0615,0.0205,0.02,0.019,6
M,0.64,0.5,0.17,1.4545,0.642,0.3575,0.354,9
I,0.52,0.415,0.14,0.6375,0.308,0.1335,0.168,9
F,0.445,0.335,0.14,0.4565,0.1785,0.114,0.14,11
F,0.58,0.45,0.185,0.9955,0.3945,0.272,0.285,11
I,0.515,0.375,0.14,0.6505,0.2495,0.141,0.2215,10
F,0.455,0.35,0.14,0.5725,0.1965,0.1325,0.175,10
M,0.38,0.29,0.12,0.28300000000000003,0.1175,0.0655,0.085,9
I,0.375,0.275,0.085,0.22,0.109,0.05,0.0605,7
F,0.69,0.55,0.18,1.659,0.8715,0.2655,0.4395,9
M,0.69,0.505,0.2,1.872,0.893,0.4015,0.48,10
I,0.52,0.4,0.14,0.622,0.278,0.1455,0.16899999999999998,8
F,0.605,0.485,0.165,0.9515,0.4535,0.193,0.2765,11
M,0.375,0.285,0.095,0.253,0.096,0.0575,0.0925,9
M,0.6,0.495,0.185,1.1145,0.5055,0.2635,0.3670000000000001,11
F,0.625,0.49,0.175,1.1075,0.4485,0.2165,0.3595,8
I,0.515,0.39,0.125,0.5705,0.238,0.1265,0.185,8
I,0.48,0.335,0.125,0.524,0.246,0.1095,0.145,7
I,0.39,0.285,0.1,0.281,0.1275,0.062,0.077,7
F,0.535,0.435,0.16,0.8105,0.3155,0.1795,0.24,10
F,0.635,0.505,0.145,1.1345,0.505,0.2655,0.315,10
M,0.71,0.54,0.165,1.959,0.7665,0.261,0.78,18
F,0.45,0.36,0.125,0.5065,0.222,0.105,0.16,10
M,0.655,0.52,0.18,1.492,0.7185,0.36,0.355,11
M,0.635,0.51,0.21,1.598,0.6535,0.2835,0.58,15
F,0.475,0.375,0.15,0.5589999999999999,0.1955,0.1215,0.1945,12
M,0.5,0.39,0.135,0.7815,0.361,0.1575,0.2385,9
I,0.375,0.29,0.085,0.2385,0.118,0.045,0.0695,7
I,0.485,0.355,0.12,0.5085,0.21,0.122,0.135,9
I,0.41,0.335,0.11,0.33,0.157,0.0705,0.17,7
M,0.59,0.47,0.18,1.1235,0.4205,0.2805,0.36,13
I,0.465,0.37,0.12,0.4365,0.188,0.0815,0.147,9
M,0.52,0.465,0.15,0.9505,0.456,0.199,0.255,8
F,0.305,0.23,0.08,0.156,0.0675,0.0345,0.048,7
F,0.5,0.44,0.155,0.742,0.2025,0.2005,0.2115,14
F,0.64,0.475,0.19,1.151,0.4365,0.281,0.3805,13
M,0.49,0.39,0.14,0.7070000000000001,0.2795,0.2185,0.18,13
F,0.425,0.35,0.1,0.4425,0.175,0.0755,0.175,7
M,0.58,0.445,0.15,0.9525,0.4315,0.1945,0.287,11
I,0.355,0.255,0.08,0.187,0.078,0.0505,0.058,7
M,0.645,0.495,0.15,1.2095,0.603,0.2225,0.339,9
I,0.53,0.395,0.13,0.575,0.247,0.115,0.183,9
M,0.635,0.48,0.235,1.064,0.413,0.228,0.36,16
M,0.395,0.305,0.105,0.282,0.0975,0.065,0.096,9
I,0.41,0.305,0.09,0.3535,0.157,0.0745,0.1,7
M,0.63,0.49,0.16,1.09,0.407,0.224,0.354,12
M,0.68,0.54,0.19,1.6230000000000002,0.7165,0.354,0.4715,12
I,0.37,0.28,0.085,0.217,0.1095,0.035,0.062,6
I,0.47,0.355,0.115,0.4155,0.16699999999999998,0.084,0.139,7
I,0.5,0.37,0.12,0.5445,0.249,0.1065,0.152,8
F,0.53,0.425,0.15,0.8495,0.328,0.232,0.202,8
M,0.47,0.375,0.12,0.5565,0.226,0.122,0.195,12
I,0.28,0.205,0.08,0.127,0.052000000000000005,0.039,0.042,9
F,0.68,0.58,0.2,1.787,0.585,0.453,0.6,19
M,0.65,0.515,0.175,1.4805,0.5295,0.272,0.525,20
I,0.53,0.415,0.145,0.944,0.3845,0.185,0.265,21
M,0.27,0.195,0.07,0.106,0.0465,0.018000000000000002,0.036000000000000004,7
M,0.45,0.345,0.105,0.4115,0.18,0.1125,0.135,7
M,0.69,0.55,0.2,1.8465,0.732,0.472,0.57,19
M,0.65,0.505,0.17,1.5595,0.695,0.3515,0.395,11
F,0.35,0.275,0.065,0.205,0.0745,0.0465,0.07,10
M,0.63,0.49,0.165,1.2005,0.575,0.273,0.294,10
F,0.585,0.46,0.15,1.0035,0.503,0.2105,0.2515,11
I,0.335,0.25,0.08,0.16699999999999998,0.0675,0.0325,0.0575,6
I,0.54,0.42,0.14,0.6275,0.2505,0.1175,0.235,9
M,0.31,0.22,0.085,0.146,0.061,0.0365,0.045,6
M,0.595,0.46,0.14,0.852,0.4215,0.2255,0.227,9
M,0.6,0.49,0.21,1.9875,1.005,0.419,0.491,10
F,0.595,0.475,0.16,1.1405,0.547,0.231,0.271,6
I,0.485,0.375,0.125,0.562,0.2505,0.1345,0.1525,8
M,0.6,0.475,0.175,1.3445,0.5489999999999999,0.2875,0.36,11
I,0.315,0.23,0.08,0.1375,0.0545,0.031,0.0445,5
M,0.625,0.495,0.185,1.3835,0.7105,0.3005,0.345,11
F,0.625,0.5,0.175,1.273,0.564,0.302,0.374,9
I,0.49,0.375,0.115,0.557,0.2275,0.1335,0.1765,8
M,0.495,0.39,0.15,0.853,0.3285,0.189,0.27,14
F,0.585,0.46,0.17,0.9325,0.365,0.271,0.29,9
F,0.7,0.535,0.175,1.773,0.6805,0.48,0.512,15
M,0.52,0.435,0.195,0.973,0.2985,0.2135,0.355,18
F,0.625,0.49,0.165,1.127,0.477,0.2365,0.3185,9
I,0.21,0.15,0.055,0.0465,0.017,0.012,0.015,5
M,0.545,0.42,0.13,0.879,0.374,0.1695,0.23,13
M,0.69,0.525,0.175,1.7005,0.8255,0.362,0.405,8
F,0.63,0.5,0.16,1.22,0.4905,0.3,0.345,14
F,0.47,0.36,0.13,0.472,0.182,0.114,0.15,10
F,0.46,0.375,0.12,0.4915,0.2205,0.08800000000000001,0.17,7
M,0.525,0.38,0.125,0.65,0.303,0.155,0.159,7
M,0.7,0.545,0.185,1.6135,0.75,0.4035,0.3685,11
I,0.45,0.34,0.125,0.4045,0.171,0.07,0.1345,8
M,0.65,0.515,0.18,1.463,0.6579999999999999,0.3135,0.4115,11
I,0.295,0.22,0.065,0.1295,0.052000000000000005,0.028,0.035,6
I,0.515,0.4,0.135,0.636,0.3055,0.1215,0.1855,9
I,0.39,0.295,0.1,0.279,0.1155,0.059,0.08,7
M,0.61,0.47,0.175,1.214,0.5315,0.2835,0.325,10
M,0.29,0.225,0.08,0.1295,0.0535,0.026,0.045,10
I,0.405,0.315,0.105,0.34700000000000003,0.1605,0.0785,0.1,9
M,0.635,0.495,0.15,1.081,0.4825,0.242,0.31,11
I,0.55,0.44,0.165,0.8605,0.312,0.16899999999999998,0.3,17
M,0.67,0.525,0.18,1.6615,0.8005,0.3645,0.43,10
M,0.61,0.48,0.165,1.244,0.6345,0.257,0.305,12
M,0.66,0.53,0.17,1.3905,0.5905,0.212,0.453,15
M,0.605,0.445,0.14,0.982,0.4295,0.2085,0.295,12
M,0.555,0.445,0.135,0.836,0.336,0.1625,0.275,13
F,0.625,0.5,0.15,0.953,0.3445,0.2235,0.305,15
M,0.45,0.355,0.115,0.479,0.2125,0.1045,0.15,8
M,0.685,0.52,0.15,1.3430000000000002,0.4635,0.292,0.4,13
I,0.375,0.285,0.09,0.2545,0.119,0.0595,0.0675,6
I,0.385,0.28,0.1,0.2755,0.1305,0.061,0.0725,8
M,0.59,0.46,0.13,1.102,0.455,0.2055,0.33,12
I,0.2,0.155,0.04,0.0435,0.0155,0.009000000000000001,0.006999999999999999,4
I,0.355,0.28,0.1,0.2275,0.0935,0.0455,0.085,11
M,0.765,0.585,0.18,2.398,1.128,0.512,0.5335,12
M,0.53,0.435,0.135,0.7365,0.3275,0.1315,0.22,12
I,0.37,0.28,0.1,0.221,0.1165,0.0265,0.0635,6
I,0.36,0.27,0.085,0.2185,0.1065,0.038,0.062,6
F,0.475,0.36,0.12,0.5915,0.3245,0.11,0.127,6
M,0.535,0.435,0.15,0.7170000000000001,0.3475,0.1445,0.194,9
F,0.62,0.465,0.14,1.011,0.479,0.2385,0.255,8
F,0.595,0.45,0.165,1.081,0.49,0.2525,0.279,12
F,0.66,0.535,0.205,1.4415,0.5925,0.2775,0.49,10
M,0.62,0.495,0.18,1.2555,0.5765,0.254,0.355,12
I,0.605,0.495,0.145,1.054,0.369,0.2255,0.36,12
M,0.63,0.47,0.155,1.1325,0.589,0.211,0.287,8
F,0.625,0.49,0.155,1.115,0.484,0.277,0.3095,9
F,0.455,0.355,0.12,0.4495,0.177,0.104,0.15,9
M,0.48,0.38,0.13,0.6175,0.3,0.142,0.175,12
F,0.505,0.475,0.16,1.1155,0.509,0.239,0.3065,8
M,0.46,0.355,0.11,0.415,0.215,0.08199999999999999,0.13,12
M,0.36,0.27,0.09,0.2225,0.083,0.053,0.075,6
M,0.53,0.435,0.155,0.6990000000000001,0.28800000000000003,0.1595,0.205,10
M,0.695,0.58,0.2,1.8995,0.675,0.478,0.5295,13
I,0.44,0.31,0.115,0.3625,0.134,0.08199999999999999,0.12,11
M,0.56,0.44,0.13,0.8255,0.2425,0.202,0.285,10
M,0.54,0.42,0.155,0.7385,0.3515,0.152,0.215,12
M,0.61,0.475,0.17,1.0265,0.435,0.2335,0.3035,10
M,0.645,0.51,0.19,1.4865,0.6445,0.29600000000000004,0.425,12
F,0.64,0.485,0.145,1.1335,0.5525,0.2505,0.3015,11
M,0.705,0.55,0.21,1.4385,0.655,0.3255,0.462,11
I,0.28,0.21,0.055,0.106,0.0415,0.0265,0.031,5
M,0.615,0.5,0.17,1.054,0.4845,0.228,0.295,10
M,0.605,0.49,0.155,1.153,0.503,0.2505,0.295,15
I,0.225,0.17,0.05,0.0515,0.019,0.012,0.017,4
F,0.695,0.53,0.2,2.0475,0.75,0.4195,0.6095,14
I,0.475,0.38,0.12,0.441,0.1785,0.0885,0.1505,8
M,0.515,0.405,0.13,0.722,0.32,0.131,0.21,10
I,0.17,0.105,0.035,0.034,0.012,0.0085,0.005,4
I,0.345,0.265,0.1,0.2455,0.111,0.0535,0.065,7
M,0.63,0.505,0.17,1.0915,0.4615,0.266,0.3,9
F,0.7,0.575,0.17,1.31,0.5095,0.314,0.42,14
M,0.63,0.51,0.23,1.539,0.5635,0.2815,0.57,17
M,0.555,0.44,0.14,0.8705,0.407,0.156,0.255,9
M,0.665,0.515,0.165,1.3855,0.621,0.302,0.3445,8
F,0.37,0.295,0.1,0.2685,0.1165,0.056,0.0835,7
M,0.58,0.44,0.15,1.0465,0.518,0.2185,0.2795,10
M,0.71,0.555,0.175,2.14,1.2455,0.3725,0.434,11
F,0.58,0.475,0.165,1.0385,0.414,0.26,0.305,13
M,0.61,0.48,0.15,1.2,0.56,0.2455,0.28,14
M,0.55,0.405,0.14,0.8025,0.244,0.1635,0.255,10
I,0.58,0.445,0.125,0.7095,0.303,0.1405,0.235,9
M,0.34,0.255,0.095,0.213,0.081,0.034,0.07,9
F,0.655,0.5,0.14,1.1705,0.5405,0.3175,0.285,12
F,0.52,0.425,0.165,0.9885,0.396,0.225,0.32,16
F,0.57,0.44,0.19,1.018,0.447,0.207,0.265,9
M,0.465,0.36,0.11,0.4955,0.2665,0.085,0.121,7
I,0.435,0.33,0.11,0.38,0.1515,0.0945,0.11,7
F,0.575,0.445,0.14,0.941,0.3845,0.252,0.285,9
F,0.67,0.505,0.175,1.0145,0.4375,0.271,0.3745,10
M,0.61,0.475,0.165,1.116,0.428,0.2205,0.315,15
F,0.55,0.415,0.135,0.7635,0.318,0.21,0.2,9
F,0.54,0.415,0.175,0.8975,0.275,0.241,0.275,14
F,0.645,0.515,0.15,1.212,0.515,0.2055,0.385,10
I,0.455,0.435,0.11,0.4265,0.195,0.09,0.1205,8
I,0.16,0.11,0.025,0.018000000000000002,0.0065,0.0055,0.005,3
M,0.635,0.5,0.17,1.4345,0.611,0.309,0.418,12
F,0.58,0.44,0.18,0.8540000000000001,0.3665,0.1635,0.245,12
M,0.6,0.475,0.19,1.0875,0.403,0.2655,0.325,14
I,0.47,0.4,0.16,0.51,0.1615,0.073,0.198,14
M,0.68,0.535,0.185,1.607,0.7245,0.3215,0.498,12
F,0.5,0.4,0.15,0.8085,0.273,0.112,0.295,13
M,0.685,0.505,0.19,1.533,0.667,0.4055,0.41,10
I,0.29,0.21,0.065,0.097,0.0375,0.022,0.03,6
I,0.38,0.275,0.11,0.256,0.11,0.0535,0.0755,6
F,0.72,0.56,0.175,1.7265,0.637,0.3415,0.525,17
F,0.525,0.405,0.115,0.72,0.3105,0.1915,0.2,14
F,0.65,0.515,0.215,1.4980000000000002,0.564,0.32299999999999995,0.425,16
I,0.56,0.435,0.135,0.72,0.329,0.103,0.251,11
M,0.575,0.465,0.12,1.0535,0.516,0.2185,0.235,9
F,0.65,0.545,0.175,1.5245,0.59,0.326,0.495,10
M,0.465,0.36,0.13,0.5265,0.2105,0.1185,0.165,10
M,0.55,0.44,0.16,0.985,0.4645,0.201,0.27,8
I,0.165,0.11,0.02,0.019,0.0065,0.0025,0.005,4
M,0.385,0.285,0.105,0.2905,0.1215,0.0685,0.0875,12
I,0.485,0.39,0.125,0.591,0.287,0.141,0.12,9
M,0.585,0.455,0.225,1.055,0.3815,0.221,0.365,15
M,0.385,0.275,0.115,0.2685,0.0975,0.0825,0.085,8
I,0.46,0.345,0.12,0.4155,0.198,0.0885,0.107,7
F,0.575,0.46,0.165,0.9575,0.4815,0.1945,0.236,10
I,0.455,0.33,0.1,0.3720000000000001,0.358,0.0775,0.11,8
M,0.535,0.435,0.15,0.725,0.269,0.1385,0.25,9
F,0.625,0.42,0.165,1.0595,0.358,0.165,0.445,21
F,0.58,0.455,0.165,1.1365,0.369,0.3005,0.275,13
F,0.53,0.415,0.115,0.5915,0.233,0.1585,0.18,11
F,0.36,0.27,0.09,0.1885,0.0845,0.0385,0.055,5
I,0.53,0.43,0.16,0.7245,0.321,0.1275,0.24,9
I,0.165,0.115,0.015,0.0145,0.0055,0.003,0.005,4
M,0.57,0.42,0.14,0.8745,0.416,0.165,0.25,8
F,0.7,0.555,0.22,1.666,0.647,0.4285,0.455,11
I,0.56,0.43,0.13,0.728,0.3355,0.1435,0.2175,8
M,0.42,0.34,0.115,0.4215,0.175,0.093,0.135,8
F,0.715,0.565,0.24,2.1995,0.7245,0.465,0.885,17
F,0.48,0.37,0.13,0.5885,0.2475,0.1505,0.1595,15
M,0.585,0.465,0.15,0.98,0.4315,0.2545,0.247,9
I,0.465,0.345,0.105,0.4015,0.242,0.0345,0.109,6
F,0.575,0.43,0.155,0.7955,0.3485,0.1925,0.22,9
M,0.345,0.265,0.09,0.163,0.0615,0.037000000000000005,0.0485,10
I,0.55,0.425,0.15,0.7665,0.339,0.17600000000000002,0.21,8
I,0.38,0.29,0.085,0.2285,0.08800000000000001,0.0465,0.075,7
F,0.64,0.54,0.175,1.221,0.51,0.259,0.39,15
I,0.4,0.29,0.1,0.258,0.104,0.059,0.0815,7
F,0.55,0.43,0.15,0.655,0.2635,0.122,0.221,8
F,0.625,0.525,0.215,1.5765,0.5115,0.2595,0.665,16
M,0.605,0.475,0.175,1.2525,0.5575,0.3055,0.343,9
I,0.44,0.305,0.115,0.379,0.162,0.091,0.11,9
F,0.275,0.195,0.07,0.08,0.031,0.0215,0.025,5
M,0.48,0.37,0.13,0.643,0.349,0.1155,0.135,8
F,0.72,0.575,0.18,1.6705,0.732,0.3605,0.501,12
