I,0.245,0.19,0.06,0.086,0.042,0.014,0.025,4
I,0.625,0.465,0.155,0.972,0.404,0.1845,0.35,14
I,0.48,0.38,0.125,0.6245,0.3395,0.1085,0.1665,8
M,0.56,0.445,0.16,0.8965,0.42,0.2175,0.2215,8
F,0.62,0.48,0.175,1.0405,0.464,0.2225,0.3,9
F,0.55,0.435,0.14,0.745,0.34700000000000003,0.174,0.2265,9
F,0.505,0.385,0.135,0.6185,0.251,0.1175,0.2,12
M,0.605,0.47,0.18,1.1155,0.479,0.2565,0.321,10
M,0.505,0.4,0.15,0.775,0.3445,0.157,0.185,7
I,0.485,0.37,0.14,0.5065,0.2425,0.08800000000000001,0.1465,8
F,0.655,0.525,0.19,1.3595,0.564,0.3215,0.3985,10
F,0.53,0.41,0.165,0.8115,0.24,0.16899999999999998,0.24,19
M,0.54,0.425,0.12,0.8170000000000001,0.2945,0.153,0.195,10
F,0.51,0.38,0.13,0.584,0.224,0.1355,0.185,13
I,0.53,0.43,0.14,0.677,0.298,0.0965,0.23,8
M,0.37,0.265,0.075,0.214,0.09,0.051,0.07,6
I,0.375,0.28,0.09,0.215,0.084,0.06,0.055,6
F,0.635,0.49,0.155,1.145,0.4775,0.3035,0.3155,9
M,0.585,0.46,0.165,1.1135,0.5825,0.2345,0.274,10
M,0.59,0.47,0.155,1.1735,0.6245,0.233,0.2595,9
I,0.46,0.345,0.105,0.449,0.196,0.0945,0.1265,7
I,0.24,0.185,0.07,0.0715,0.026,0.018000000000000002,0.025,6
M,0.645,0.505,0.165,1.307,0.4335,0.262,0.52,10
M,0.35,0.265,0.11,0.2965,0.1365,0.063,0.085,7
F,0.625,0.485,0.16,1.254,0.591,0.259,0.3485,9
M,0.665,0.525,0.155,1.3575,0.5325,0.3045,0.4485,10
F,0.78,0.63,0.215,2.657,1.4880000000000002,0.4985,0.586,11
F,0.55,0.43,0.15,0.84,0.395,0.195,0.223,8
F,0.705,0.57,0.185,1.761,0.747,0.3725,0.488,10
I,0.49,0.365,0.125,0.5585,0.252,0.126,0.1615,10
F,0.615,0.515,0.17,1.14,0.4305,0.2245,0.42,16
M,0.64,0.565,0.23,1.521,0.644,0.3720000000000001,0.406,15
M,0.515,0.39,0.155,0.7125,0.3695,0.13699999999999998,0.155,7
F,0.565,0.44,0.15,0.863,0.435,0.149,0.27,9
F,0.63,0.485,0.17,1.3205,0.5945,0.345,0.345,9
F,0.705,0.55,0.17,1.219,0.6395,0.236,0.301,9
F,0.635,0.51,0.185,1.286,0.526,0.295,0.4105,12
I,0.465,0.345,0.11,0.393,0.1825,0.0735,0.12,8
F,0.33,0.26,0.08,0.2,0.0625,0.05,0.07,9
M,0.59,0.475,0.16,0.9455,0.3815,0.184,0.27,19
F,0.68,0.56,0.195,1.7775,0.861,0.322,0.415,11
I,0.415,0.315,0.105,0.33,0.1405,0.0705,0.095,6
M,0.55,0.45,0.15,1.0145,0.407,0.2015,0.2875,10
I,0.375,0.3,0.075,0.14400000000000002,0.059,0.03,0.044,7
I,0.605,0.49,0.165,1.071,0.482,0.1935,0.35200000000000004,10
F,0.64,0.5,0.15,1.2015,0.5589999999999999,0.231,0.3355,9
M,0.49,0.385,0.125,0.609,0.3065,0.096,0.1775,8
M,0.32,0.245,0.075,0.1555,0.0585,0.038,0.049,11
F,0.545,0.43,0.16,0.8440000000000001,0.3945,0.1855,0.231,9
M,0.715,0.52,0.18,1.6,0.708,0.3525,0.445,12
I,0.575,0.45,0.17,0.9315,0.358,0.2145,0.26,13
M,0.57,0.445,0.15,0.9875,0.504,0.207,0.249,8
M,0.55,0.44,0.16,0.991,0.348,0.168,0.375,20
F,0.635,0.485,0.165,1.2945,0.6679999999999999,0.2605,0.2715,9
I,0.495,0.4,0.145,0.578,0.2545,0.1305,0.1645,8
F,0.51,0.385,0.135,0.632,0.282,0.145,0.17,8
F,0.6,0.47,0.135,0.97,0.4655,0.1955,0.264,11
M,0.51,0.405,0.15,0.7035,0.34700000000000003,0.134,0.1885,8
M,0.57,0.435,0.17,0.873,0.382,0.183,0.2705,10
M,0.55,0.435,0.145,0.843,0.328,0.1915,0.255,15
F,0.36,0.265,0.09,0.2165,0.096,0.037000000000000005,0.0735,10
F,0.595,0.465,0.145,1.107,0.402,0.2415,0.31,12
M,0.615,0.475,0.19,1.4335,0.7315,0.305,0.3285,9
F,0.625,0.515,0.155,1.1635,0.4875,0.259,0.355,11
M,0.53,0.435,0.16,0.883,0.316,0.16399999999999998,0.335,15
I,0.29,0.205,0.07,0.0975,0.036000000000000004,0.019,0.035,8
I,0.43,0.34,0.125,0.384,0.1375,0.061,0.146,14
F,0.53,0.425,0.17,0.949,0.3485,0.2395,0.278,17
F,0.615,0.515,0.135,1.1215,0.545,0.2305,0.29,9
M,0.495,0.4,0.135,0.61,0.272,0.1435,0.14400000000000002,7
M,0.38,0.27,0.095,0.219,0.0835,0.0515,0.07,6
I,0.42,0.32,0.1,0.34,0.1745,0.05,0.0945,8
I,0.16,0.12,0.02,0.018000000000000002,0.0075,0.0045,0.005,4
M,0.645,0.495,0.185,1.4935,0.5265,0.2785,0.455,15
F,0.645,0.48,0.19,1.371,0.6925,0.2905,0.35,12
F,0.605,0.49,0.15,1.1345,0.4305,0.2525,0.35,10
M,0.45,0.355,0.12,0.3955,0.147,0.0765,0.145,9
I,0.385,0.28,0.09,0.228,0.1025,0.042,0.0655,5
M,0.555,0.455,0.16,1.0575,0.3925,0.228,0.293,13
I,0.63,0.465,0.15,1.0315,0.4265,0.24,0.325,11
I,0.45,0.33,0.105,0.3715,0.1865,0.0785,0.0975,7
M,0.565,0.44,0.125,0.802,0.3595,0.1825,0.215,9
M,0.63,0.49,0.19,1.1775,0.4935,0.3365,0.285,11
M,0.67,0.525,0.165,1.6085,0.682,0.3145,0.4005,11
I,0.415,0.32,0.115,0.3045,0.1215,0.0735,0.094,7
F,0.6,0.475,0.18,1.1805,0.4345,0.2475,0.425,19
F,0.44,0.345,0.105,0.4285,0.165,0.083,0.132,11
I,0.375,0.28,0.08,0.2235,0.115,0.043,0.055,6
M,0.55,0.44,0.155,0.9155,0.3645,0.195,0.25,8
I,0.56,0.445,0.165,1.0285,0.4535,0.253,0.275,11
I,0.375,0.305,0.115,0.2715,0.092,0.07400000000000001,0.09,8
F,0.615,0.455,0.145,1.1155,0.5045,0.238,0.315,10
F,0.6,0.465,0.165,0.8875,0.309,0.246,0.262,12
I,0.315,0.23,0.07,0.16399999999999998,0.0625,0.04,0.045,6
M,0.57,0.435,0.125,0.8965,0.383,0.1835,0.275,9
M,0.675,0.525,0.16,1.2835,0.5720000000000001,0.2755,0.3545,13
I,0.31,0.225,0.05,0.1445,0.0675,0.0385,0.045,6
I,0.485,0.375,0.13,0.6025,0.2935,0.1285,0.16,7
I,0.3,0.22,0.08,0.121,0.0475,0.042,0.035,5
F,0.59,0.475,0.155,0.9715,0.371,0.235,0.28,11
F,0.565,0.4,0.13,0.6975,0.3075,0.1665,0.18,8
M,0.74,0.57,0.18,1.8725,0.9115,0.4270000000000001,0.446,10
I,0.35,0.25,0.07,0.18,0.0655,0.048,0.054000000000000006,6
M,0.195,0.145,0.05,0.032,0.01,0.008,0.012,4
M,0.625,0.5,0.13,1.082,0.5785,0.2045,0.25,8
F,0.65,0.505,0.175,1.2075,0.5105,0.262,0.39,10
F,0.66,0.475,0.18,1.3695,0.6409999999999999,0.294,0.335,6
F,0.5,0.4,0.125,0.5765,0.2395,0.126,0.185,10
I,0.415,0.325,0.11,0.316,0.1385,0.0795,0.0925,8
I,0.5,0.375,0.12,0.542,0.215,0.116,0.17,9
F,0.475,0.36,0.125,0.447,0.1695,0.081,0.14,9
F,0.625,0.495,0.16,1.1115,0.4495,0.2825,0.345,11
I,0.475,0.35,0.1,0.4545,0.2165,0.111,0.115,7
F,0.635,0.495,0.195,1.297,0.556,0.2985,0.37,11
F,0.56,0.44,0.14,0.9285,0.3825,0.188,0.3,11
F,0.66,0.525,0.205,1.3665,0.5005,0.29100000000000004,0.41,18
F,0.525,0.43,0.125,0.813,0.3315,0.166,0.1775,12
I,0.415,0.31,0.11,0.2965,0.123,0.057,0.0995,10
M,0.57,0.47,0.155,1.186,0.6355,0.2315,0.277,10
M,0.535,0.42,0.125,0.764,0.312,0.1505,0.265,11
M,0.575,0.465,0.15,1.08,0.595,0.2065,0.238,9
M,0.67,0.51,0.175,1.5265,0.6509999999999999,0.4475,0.345,10
F,0.645,0.505,0.165,1.4325,0.684,0.308,0.336,8
M,0.45,0.35,0.13,0.4655,0.2075,0.1045,0.135,8
I,0.425,0.32,0.1,0.3055,0.126,0.06,0.106,7
F,0.545,0.415,0.2,1.358,0.5670000000000001,0.318,0.403,10
I,0.47,0.345,0.14,0.4615,0.229,0.1105,0.116,9
M,0.35,0.265,0.09,0.2265,0.0995,0.0575,0.065,6
I,0.25,0.18,0.065,0.0805,0.0345,0.0185,0.0215,4
M,0.6,0.495,0.165,1.2415,0.485,0.2775,0.34,15
M,0.445,0.345,0.14,0.476,0.2055,0.1015,0.1085,15
F,0.395,0.3,0.105,0.3375,0.1435,0.0755,0.098,12
M,0.615,0.475,0.15,1.0375,0.476,0.2325,0.28300000000000003,9
M,0.555,0.425,0.15,0.873,0.4625,0.1845,0.1965,9
F,0.675,0.51,0.185,1.473,0.6295,0.3025,0.4245,11
M,0.47,0.36,0.105,0.544,0.27,0.1395,0.129,7
M,0.59,0.435,0.165,0.9765,0.4525,0.2395,0.235,9
M,0.565,0.435,0.15,0.99,0.5795,0.1825,0.206,8
M,0.635,0.495,0.155,1.3635,0.583,0.2985,0.295,10
M,0.685,0.51,0.18,1.4545,0.6315,0.3105,0.3725,9
M,0.635,0.51,0.155,1.156,0.428,0.289,0.315,18
F,0.48,0.365,0.135,0.6395,0.2945,0.113,0.175,8
I,0.56,0.445,0.155,0.8735,0.3005,0.209,0.275,16
F,0.585,0.455,0.17,0.9945,0.4255,0.263,0.2845,11
F,0.545,0.42,0.175,0.754,0.256,0.1775,0.275,10
M,0.58,0.455,0.17,0.93,0.408,0.259,0.22,9
F,0.55,0.415,0.18,1.1655,0.502,0.301,0.311,9
F,0.655,0.51,0.175,1.415,0.5885,0.3725,0.364,10
F,0.645,0.52,0.17,1.197,0.526,0.2925,0.317,11
M,0.58,0.45,0.155,0.8275,0.321,0.1975,0.2445,8
I,0.535,0.45,0.17,0.7809999999999999,0.3055,0.1555,0.295,11
I,0.205,0.15,0.065,0.04,0.02,0.011,0.013,4
M,0.565,0.425,0.135,0.8115,0.341,0.1675,0.255,15
I,0.455,0.37,0.125,0.433,0.201,0.1265,0.145,9
F,0.69,0.555,0.205,1.8165,0.7785,0.4395,0.515,19
I,0.52,0.385,0.115,0.581,0.2555,0.156,0.14300000000000002,10
M,0.545,0.42,0.125,0.9745,0.353,0.174,0.305,13
M,0.525,0.415,0.145,0.845,0.3525,0.1635,0.2875,8
I,0.55,0.42,0.135,0.816,0.3995,0.1485,0.23,12
M,0.535,0.435,0.14,0.8740000000000001,0.3735,0.229,0.2195,8
M,0.6,0.48,0.165,0.9165,0.4135,0.1965,0.2725,9
M,0.775,0.57,0.22,2.032,0.735,0.4755,0.6585,17
I,0.55,0.425,0.15,0.8059999999999999,0.376,0.171,0.245,14
M,0.755,0.58,0.205,2.0065,0.8295,0.4015,0.595,10
M,0.635,0.52,0.175,1.2919999999999998,0.6,0.269,0.3670000000000001,11
I,0.5,0.365,0.125,0.528,0.229,0.103,0.1645,9
M,0.695,0.55,0.195,1.6645,0.727,0.36,0.445,11
F,0.47,0.375,0.105,0.513,0.232,0.142,0.13,11
M,0.5,0.41,0.15,0.662,0.2815,0.13699999999999998,0.22,11
M,0.685,0.51,0.165,1.545,0.6859999999999999,0.3775,0.4055,10
F,0.66,0.53,0.18,1.5175,0.7765,0.302,0.401,10
M,0.68,0.54,0.195,1.7825,0.5565,0.3235,0.4285,11
F,0.625,0.5,0.165,1.288,0.573,0.3035,0.315,9
F,0.67,0.52,0.195,1.8065,0.758,0.3735,0.5055,11
I,0.42,0.32,0.115,0.409,0.2055,0.0935,0.105,8
M,0.625,0.515,0.17,1.331,0.5725,0.3005,0.361,9
F,0.58,0.46,0.15,0.9955,0.429,0.212,0.26,19
M,0.645,0.5,0.18,1.461,0.5985,0.2425,0.439,11
M,0.65,0.525,0.185,1.3455,0.586,0.278,0.3865,9
M,0.61,0.48,0.14,1.0625,0.516,0.225,0.2915,11
M,0.615,0.495,0.2,1.304,0.5795,0.3115,0.371,14
M,0.57,0.415,0.13,0.88,0.4275,0.1955,0.238,13
F,0.65,0.525,0.19,1.385,0.8875,0.3095,0.405,11
M,0.67,0.51,0.2,1.5945,0.6705,0.3845,0.4505,10
M,0.495,0.385,0.135,0.6335,0.2,0.1225,0.26,14
F,0.615,0.5,0.175,1.3769999999999998,0.5585,0.33,0.292,12
I,0.38,0.3,0.09,0.277,0.1655,0.0625,0.08199999999999999,6
F,0.725,0.6,0.2,1.737,0.6970000000000001,0.3585,0.595,11
F,0.515,0.395,0.165,0.7565,0.1905,0.17,0.3205,10
F,0.635,0.49,0.175,1.2435,0.5805,0.313,0.305,10
M,0.54,0.415,0.17,0.879,0.339,0.208,0.255,10
I,0.36,0.26,0.08,0.1795,0.07400000000000001,0.0315,0.06,5
F,0.44,0.34,0.13,0.4195,0.153,0.1155,0.13,10
I,0.59,0.46,0.145,0.9015,0.419,0.1785,0.26,11
M,0.46,0.355,0.14,0.491,0.207,0.115,0.174,10
F,0.62,0.47,0.2,1.2255,0.381,0.27,0.435,23
M,0.6,0.47,0.165,1.0590000000000002,0.504,0.241,0.275,9
F,0.635,0.495,0.015,1.1565,0.5115,0.308,0.2885,9
I,0.395,0.31,0.085,0.317,0.153,0.0505,0.0935,7
F,0.525,0.4,0.13,0.6995,0.3115,0.131,0.223,9
I,0.42,0.32,0.11,0.309,0.115,0.0645,0.0945,6
M,0.665,0.54,0.175,1.347,0.4955,0.254,0.415,17
F,0.515,0.4,0.115,0.578,0.191,0.1445,0.17,9
F,0.585,0.465,0.14,0.908,0.381,0.1615,0.315,13
F,0.595,0.465,0.15,0.98,0.4115,0.196,0.2255,10
I,0.555,0.435,0.14,0.765,0.3945,0.15,0.206,8
F,0.64,0.48,0.145,1.1145,0.508,0.24,0.34,10
F,0.675,0.54,0.21,1.5930000000000002,0.6859999999999999,0.318,0.45,11
F,0.575,0.46,0.185,1.094,0.4485,0.217,0.345,15
M,0.64,0.495,0.17,1.139,0.5395,0.282,0.285,10
F,0.595,0.47,0.155,1.1775,0.542,0.269,0.31,9
M,0.655,0.535,0.205,1.6445,0.7305,0.3595,0.46,13
M,0.57,0.45,0.14,0.9275,0.477,0.1605,0.2515,8
F,0.815,0.65,0.25,2.255,0.8905,0.42,0.7975,14
F,0.66,0.525,0.19,1.67,0.6525,0.4875,0.49,11
F,0.48,0.375,0.105,0.525,0.2185,0.1195,0.155,12
M,0.625,0.52,0.175,1.4105,0.691,0.322,0.3465,10
M,0.445,0.35,0.12,0.4425,0.192,0.0955,0.135,8
M,0.46,0.36,0.135,0.6105,0.1955,0.107,0.235,14
I,0.54,0.41,0.135,0.7025,0.31,0.177,0.2,8
I,0.37,0.28,0.09,0.233,0.0905,0.0545,0.07,11
M,0.58,0.45,0.14,0.9615,0.486,0.1815,0.253,9
I,0.44,0.34,0.125,0.4895,0.1735,0.0875,0.2,13
F,0.615,0.46,0.15,1.0265,0.4935,0.201,0.2745,10
I,0.135,0.13,0.04,0.029,0.0125,0.0065,0.008,4
I,0.575,0.45,0.13,0.8145,0.403,0.1715,0.213,10
F,0.55,0.44,0.15,0.8945,0.3145,0.151,0.32,19
F,0.37,0.285,0.105,0.27,0.1125,0.0585,0.0835,9
I,0.475,0.385,0.11,0.5735,0.311,0.1025,0.136,7
I,0.48,0.37,0.12,0.536,0.251,0.114,0.15,8
F,0.66,0.515,0.18,1.523,0.54,0.3365,0.555,16
I,0.46,0.355,0.11,0.4255,0.2015,0.081,0.13,7
F,0.58,0.455,0.12,1.0735,0.479,0.2735,0.265,10
I,0.285,0.22,0.065,0.096,0.0405,0.0205,0.03,5
M,0.625,0.48,0.185,1.2065,0.5870000000000001,0.29,0.28600000000000003,8
I,0.335,0.26,0.1,0.192,0.0785,0.0585,0.07,8
M,0.625,0.475,0.16,1.0845,0.5005,0.2355,0.3105,10
I,0.34,0.25,0.07,0.2225,0.104,0.0425,0.055,7
M,0.63,0.495,0.175,1.2695,0.605,0.271,0.328,11
F,0.535,0.415,0.17,0.879,0.295,0.1965,0.285,10
M,0.635,0.5,0.165,1.273,0.6535,0.213,0.365,12
I,0.43,0.34,0.0,0.428,0.2065,0.086,0.115,8
I,0.475,0.355,0.135,0.4775,0.2145,0.09,0.1435,8
I,0.4,0.31,0.1,0.2875,0.1145,0.0635,0.095,10
I,0.235,0.175,0.04,0.0705,0.0335,0.015,0.02,5
F,0.49,0.385,0.16,0.6559999999999999,0.2455,0.171,0.205,9
I,0.525,0.4,0.145,0.6095,0.248,0.159,0.175,9
F,0.73,0.56,0.19,1.9425,0.799,0.5195,0.5655,11
F,0.625,0.515,0.16,1.264,0.5715,0.326,0.321,9
M,0.645,0.525,0.16,1.5075,0.7455,0.245,0.4325,11
M,0.77,0.62,0.195,2.5155,1.1155,0.6415,0.642,12
F,0.42,0.33,0.125,0.463,0.18600000000000005,0.11,0.145,10
M,0.59,0.465,0.155,1.136,0.5245,0.2615,0.275,11
F,0.57,0.445,0.145,0.8775,0.412,0.217,0.22,8
M,0.61,0.49,0.16,1.146,0.597,0.246,0.265,8
I,0.53,0.395,0.125,0.6235,0.2975,0.108,0.195,11
F,0.64,0.475,0.14,1.0725,0.4895,0.2295,0.31,8
I,0.55,0.435,0.14,0.7995,0.295,0.1905,0.238,10
M,0.285,0.215,0.075,0.106,0.0415,0.023,0.035,5
I,0.51,0.4,0.125,0.5935,0.239,0.13,0.204,8
I,0.35,0.265,0.085,0.1735,0.0775,0.034,0.056,6
M,0.645,0.485,0.215,1.514,0.546,0.2615,0.635,16
F,0.69,0.53,0.17,1.5535,0.7945,0.3485,0.3695,9
M,0.65,0.52,0.155,1.368,0.6185,0.28800000000000003,0.365,9
F,0.655,0.525,0.175,1.348,0.5855,0.2605,0.394,10
M,0.66,0.505,0.19,1.4385,0.6775,0.285,0.17800000000000002,11
M,0.645,0.5,0.175,1.3385,0.633,0.299,0.349,11
M,0.565,0.45,0.16,0.895,0.415,0.195,0.246,9
I,0.59,0.45,0.16,0.893,0.2745,0.2185,0.345,14
M,0.6,0.45,0.195,1.34,0.617,0.3255,0.3605,10
M,0.465,0.36,0.115,0.5795,0.295,0.1395,0.12,7
F,0.63,0.505,0.195,1.306,0.516,0.3305,0.375,9
F,0.74,0.565,0.205,2.119,0.9655,0.5185,0.482,12
I,0.635,0.48,0.2,1.3655,0.6255,0.2595,0.425,16
F,0.69,0.58,0.195,1.658,0.708,0.3615,0.4715,10
M,0.52,0.45,0.15,0.895,0.3615,0.18600000000000005,0.235,14
I,0.365,0.265,0.135,0.2215,0.105,0.047,0.0605,7
I,0.37,0.27,0.095,0.232,0.1325,0.041,0.0615,6
M,0.55,0.43,0.15,0.8745,0.413,0.1905,0.248,9
I,0.575,0.45,0.145,0.872,0.4675,0.18,0.217,9
M,0.61,0.485,0.17,1.281,0.597,0.3035,0.33,9
M,0.58,0.43,0.13,0.7979999999999999,0.365,0.173,0.2285,10
I,0.375,0.26,0.08,0.2075,0.09,0.0415,0.07,6
M,0.495,0.4,0.14,0.7775,0.2015,0.18,0.25,15
F,0.5,0.375,0.14,0.604,0.242,0.1415,0.179,15
F,0.62,0.5,0.175,1.146,0.477,0.23,0.39,13
M,0.495,0.385,0.135,0.7090000000000001,0.211,0.1375,0.262,12
I,0.47,0.345,0.12,0.3685,0.1525,0.0615,0.125,8
I,0.545,0.375,0.12,0.5429999999999999,0.2375,0.1155,0.1725,8
I,0.44,0.35,0.12,0.375,0.1425,0.0965,0.115,9
M,0.72,0.565,0.2,1.787,0.718,0.385,0.529,11
M,0.75,0.555,0.215,2.201,1.0615,0.5235,0.5285,11
F,0.575,0.48,0.165,1.078,0.511,0.2095,0.306,9
M,0.48,0.375,0.115,0.6765,0.3205,0.1065,0.17,6
F,0.57,0.455,0.15,1.107,0.54,0.255,0.27,8
I,0.5,0.39,0.125,0.583,0.294,0.132,0.1605,8
F,0.495,0.4,0.155,0.6445,0.242,0.1325,0.205,17
F,0.465,0.355,0.115,0.4705,0.1955,0.118,0.126,7
M,0.555,0.42,0.145,0.8695,0.3075,0.2575,0.25,14
M,0.545,0.44,0.14,0.8395,0.35600000000000004,0.1905,0.2385,11
F,0.65,0.495,0.16,1.3105,0.5770000000000001,0.3315,0.355,9
I,0.25,0.18,0.065,0.0685,0.0245,0.0155,0.0225,5
F,0.555,0.445,0.175,1.1465,0.551,0.244,0.2785,8
M,0.49,0.395,0.14,0.5489999999999999,0.2215,0.1275,0.15,11
F,0.525,0.415,0.15,0.7155,0.2355,0.171,0.27,13
I,0.38,0.28,0.085,0.2735,0.115,0.061,0.085,6
M,0.69,0.525,0.2,1.7825,0.9165,0.3325,0.461,12
M,0.625,0.495,0.155,1.177,0.5055,0.278,0.345,9
I,0.325,0.25,0.055,0.166,0.076,0.051,0.045,5
M,0.54,0.405,0.125,0.8909999999999999,0.4815,0.1915,0.202,9
M,0.605,0.49,0.14,0.9755,0.419,0.206,0.315,10
F,0.4,0.31,0.115,0.3465,0.1475,0.0695,0.115,10
M,0.505,0.4,0.125,0.77,0.2735,0.159,0.255,13
M,0.425,0.325,0.095,0.3785,0.1705,0.08,0.1,7
M,0.7,0.6,0.23,2.003,0.8105,0.4045,0.5755,10
M,0.615,0.48,0.185,1.2205,0.4985,0.315,0.33,10
F,0.445,0.325,0.125,0.455,0.1785,0.1125,0.14,9
M,0.645,0.5,0.175,1.286,0.5645,0.28800000000000003,0.386,12
M,0.475,0.385,0.145,0.6175,0.235,0.108,0.215,14
I,0.44,0.345,0.1,0.366,0.122,0.0905,0.12,13
I,0.415,0.31,0.105,0.3595,0.16699999999999998,0.083,0.0915,6
F,0.46,0.38,0.13,0.639,0.3,0.1525,0.16,11
F,0.58,0.45,0.145,1.137,0.5585,0.22,0.29,8
M,0.65,0.525,0.19,1.3685,0.5975,0.29600000000000004,0.4,11
I,0.58,0.46,0.14,0.8295,0.3915,0.165,0.238,10
I,0.485,0.375,0.14,0.521,0.2,0.123,0.17,8
I,0.185,0.135,0.045,0.032,0.011,0.0065,0.01,4
F,0.595,0.495,0.235,1.366,0.5065,0.219,0.52,13
F,0.535,0.405,0.145,0.6845,0.2725,0.171,0.205,10
M,0.59,0.47,0.135,1.1685,0.539,0.279,0.28,8
I,0.385,0.3,0.125,0.343,0.1705,0.0735,0.081,7
F,0.455,0.36,0.11,0.4385,0.206,0.098,0.125,10
F,0.515,0.405,0.12,0.6459999999999999,0.2895,0.1405,0.177,10
I,0.37,0.275,0.1,0.22,0.094,0.045,0.065,7
M,0.525,0.365,0.17,0.9605,0.438,0.2225,0.276,10
F,0.595,0.465,0.14,1.113,0.5175,0.244,0.305,12
M,0.63,0.485,0.145,1.062,0.5065,0.1785,0.3365,12
M,0.465,0.355,0.105,0.4795,0.227,0.124,0.125,8
M,0.71,0.565,0.205,2.198,1.012,0.5225,0.5475,11
I,0.36,0.27,0.09,0.2075,0.098,0.039,0.062,6
M,0.45,0.335,0.125,0.349,0.119,0.1055,0.115,10
M,0.51,0.41,0.145,0.7959999999999999,0.3865,0.1815,0.1955,8
F,0.595,0.46,0.16,0.921,0.4005,0.2025,0.2875,9
M,0.69,0.54,0.185,1.71,0.7725,0.3855,0.4325,8
I,0.48,0.37,0.125,0.474,0.179,0.1035,0.175,9
F,0.645,0.5,0.2,1.4285,0.639,0.305,0.36,11
F,0.695,0.56,0.22,1.834,0.8455,0.422,0.455,11
M,0.645,0.52,0.175,1.561,0.7090000000000001,0.3555,0.4,8
I,0.155,0.105,0.05,0.0175,0.005,0.0035,0.005,4
M,0.57,0.445,0.14,1.0635,0.5265,0.2195,0.24,8
F,0.49,0.385,0.125,0.5395,0.2175,0.128,0.165,11
I,0.48,0.36,0.125,0.542,0.2795,0.1025,0.147,7
M,0.62,0.46,0.17,1.127,0.535,0.2635,0.29600000000000004,7
I,0.44,0.32,0.095,0.3275,0.1495,0.059,0.1,8
F,0.55,0.47,0.15,0.897,0.377,0.184,0.29,9
I,0.205,0.14,0.05,0.046,0.0165,0.012,0.0135,6
M,0.64,0.51,0.175,1.368,0.515,0.266,0.57,21
I,0.495,0.38,0.145,0.515,0.175,0.098,0.212,13
I,0.63,0.475,0.145,1.0605,0.5165,0.2195,0.28,10
M,0.74,0.605,0.2,2.4925,1.1455,0.575,0.5235,13
I,0.53,0.4,0.145,0.555,0.1935,0.1305,0.195,9
M,0.56,0.45,0.16,0.922,0.4320000000000001,0.17800000000000002,0.26,15
M,0.33,0.215,0.075,0.1145,0.045,0.0265,0.035,6
I,0.5,0.37,0.115,0.5745,0.306,0.112,0.141,7
I,0.435,0.375,0.11,0.4155,0.17,0.076,0.145,8
F,0.57,0.45,0.175,0.9555,0.38,0.1665,0.295,18
F,0.435,0.32,0.12,0.3785,0.152,0.0915,0.125,11
F,0.655,0.54,0.215,1.5555,0.695,0.29600000000000004,0.444,11
M,0.57,0.44,0.145,0.8815,0.3605,0.1955,0.2735,10
I,0.5,0.375,0.14,0.5495,0.248,0.112,0.1585,7
F,0.535,0.4,0.135,0.8215,0.3935,0.196,0.205,8
F,0.6,0.45,0.15,0.9625,0.4375,0.2225,0.2775,9
I,0.565,0.43,0.125,0.6545,0.2815,0.139,0.21,9
F,0.53,0.44,0.135,0.7835,0.313,0.1715,0.2185,9
M,0.62,0.48,0.15,1.1015,0.4965,0.243,0.305,10
F,0.61,0.495,0.165,1.0835,0.4525,0.273,0.317,9
F,0.605,0.495,0.17,1.2385,0.528,0.2465,0.39,14
I,0.44,0.345,0.115,0.545,0.269,0.111,0.1305,6
F,0.59,0.47,0.17,0.9,0.355,0.1905,0.25,11
F,0.47,0.375,0.12,0.6015,0.2765,0.1455,0.135,8
I,0.62,0.475,0.16,0.907,0.371,0.16699999999999998,0.3075,11
I,0.55,0.42,0.155,0.912,0.495,0.1805,0.205,9
I,0.505,0.395,0.105,0.551,0.248,0.103,0.171,8
I,0.515,0.39,0.12,0.565,0.235,0.135,0.179,9
M,0.535,0.41,0.135,0.862,0.2855,0.1525,0.32,14
I,0.46,0.345,0.105,0.415,0.187,0.087,0.11,8
M,0.595,0.475,0.17,1.0965,0.419,0.229,0.35,17
M,0.595,0.47,0.15,0.8915,0.359,0.2105,0.245,12
I,0.28,0.21,0.075,0.1195,0.053,0.0265,0.03,6
I,0.495,0.355,0.12,0.4965,0.214,0.1045,0.1495,8
F,0.57,0.42,0.16,0.8875,0.4315,0.1915,0.223,8
F,0.45,0.35,0.145,0.5425,0.1765,0.123,0.175,13
I,0.315,0.23,0.09,0.1285,0.043,0.04,0.04,7
I,0.505,0.405,0.13,0.599,0.2245,0.1175,0.225,11
F,0.46,0.35,0.115,0.46,0.2025,0.1115,0.1165,6
I,0.555,0.395,0.13,0.5585,0.222,0.1245,0.17,9
M,0.41,0.325,0.1,0.3555,0.146,0.07200000000000001,0.105,9
F,0.7,0.56,0.175,1.6605,0.8605,0.3275,0.398,11
M,0.595,0.455,0.15,1.044,0.518,0.2205,0.27,9
M,0.625,0.47,0.17,1.1665,0.4605,0.2565,0.3945,11
M,0.32,0.24,0.08,0.18,0.08,0.0385,0.055,6
F,0.66,0.535,0.175,1.5175,0.711,0.3125,0.415,12
I,0.41,0.325,0.105,0.361,0.1605,0.0665,0.103,8
I,0.39,0.3,0.105,0.259,0.0955,0.038,0.085,8
I,0.59,0.445,0.135,0.7715,0.328,0.1745,0.23,9
M,0.595,0.46,0.155,1.03,0.4275,0.207,0.3305,10
M,0.58,0.465,0.15,0.9065,0.371,0.1965,0.29,8
I,0.55,0.415,0.15,0.7915,0.3535,0.17600000000000002,0.236,10
M,0.455,0.345,0.125,0.44,0.16899999999999998,0.1065,0.135,12
I,0.45,0.35,0.11,0.514,0.253,0.1045,0.14,8
F,0.675,0.525,0.17,1.711,0.8365,0.35200000000000004,0.475,9
F,0.49,0.39,0.135,0.59,0.215,0.125,0.1845,12
I,0.38,0.275,0.1,0.2255,0.08,0.049,0.085,10
M,0.54,0.435,0.14,0.7345,0.33,0.1595,0.213,9
F,0.655,0.46,0.16,1.494,0.6895,0.331,0.1825,9
M,0.65,0.5,0.155,1.202,0.565,0.3135,0.294,11
I,0.45,0.33,0.115,0.365,0.14,0.0825,0.1245,8
F,0.345,0.26,0.09,0.207,0.0775,0.0435,0.0765,10
M,0.51,0.395,0.145,0.6185,0.21600000000000005,0.1385,0.24,12
M,0.64,0.49,0.155,1.1285,0.477,0.269,0.34,9
I,0.445,0.36,0.11,0.4235,0.182,0.0765,0.14,9
M,0.605,0.47,0.18,1.1405,0.3755,0.2805,0.385,15
M,0.675,0.515,0.145,1.265,0.6025,0.299,0.325,10
M,0.64,0.585,0.195,1.6469999999999998,0.7225,0.331,0.471,12
I,0.475,0.365,0.14,0.4545,0.171,0.118,0.158,8
M,0.625,0.48,0.16,1.2415,0.6575,0.2625,0.2785,9
I,0.13,0.095,0.035,0.0105,0.005,0.0065,0.0035,4
M,0.61,0.45,0.15,0.871,0.407,0.1835,0.25,10
I,0.27,0.2,0.07,0.1,0.034,0.0245,0.035,5
F,0.675,0.57,0.225,1.587,0.7390000000000001,0.2995,0.435,10
I,0.16,0.11,0.025,0.0195,0.0075,0.005,0.006,4
M,0.44,0.34,0.105,0.402,0.1305,0.0955,0.165,10
M,0.46,0.35,0.12,0.515,0.224,0.108,0.1565,10
F,0.595,0.47,0.165,1.0155,0.491,0.1905,0.289,9
I,0.505,0.4,0.125,0.5605,0.2255,0.1435,0.17,8
M,0.69,0.515,0.18,1.8445,0.9815,0.4655,0.341,13
F,0.515,0.415,0.14,0.6935,0.3115,0.152,0.2,10
M,0.555,0.44,0.145,0.85,0.4165,0.1685,0.23,8
M,0.635,0.51,0.185,1.308,0.544,0.318,0.377,8
M,0.735,0.555,0.22,2.333,1.2395,0.3645,0.6195,12
M,0.52,0.4,0.12,0.58,0.234,0.1315,0.185,8
I,0.365,0.27,0.09,0.2155,0.1005,0.049,0.0655,6
F,0.56,0.445,0.18,0.903,0.3575,0.2045,0.295,9
I,0.44,0.35,0.125,0.456,0.21,0.0955,0.131,8
F,0.44,0.34,0.14,0.482,0.18600000000000005,0.1085,0.16,9
I,0.47,0.365,0.1,0.411,0.175,0.0855,0.135,8
F,0.645,0.485,0.15,1.151,0.5935,0.2315,0.293,12
I,0.32,0.25,0.08,0.1565,0.057,0.034,0.06,9
F,0.63,0.495,0.165,1.3075,0.599,0.284,0.315,11
F,0.57,0.46,0.135,0.9795,0.397,0.2525,0.2655,9
I,0.45,0.35,0.14,0.474,0.21,0.109,0.1275,16
M,0.48,0.395,0.15,0.6815,0.2145,0.1405,0.2495,18
F,0.655,0.51,0.175,1.6525,0.8515,0.3365,0.403,10
F,0.435,0.395,0.105,0.3635,0.136,0.098,0.13,9
M,0.43,0.335,0.115,0.406,0.166,0.0935,0.135,8
F,0.69,0.54,0.155,1.454,0.624,0.3105,0.39,9
M,0.465,0.36,0.105,0.488,0.188,0.0845,0.19,10
M,0.5,0.39,0.145,0.6509999999999999,0.273,0.132,0.22,11
M,0.585,0.48,0.185,1.04,0.434,0.265,0.285,10
I,0.375,0.29,0.095,0.213,0.096,0.041,0.061,5
M,0.64,0.495,0.165,1.307,0.6779999999999999,0.292,0.266,11
M,0.28,0.21,0.08,0.1085,0.041,0.0265,0.0345,7
I,0.395,0.29,0.095,0.3,0.158,0.068,0.078,7
M,0.6,0.475,0.205,1.176,0.5255,0.2875,0.308,9
M,0.675,0.54,0.175,1.5545,0.6645,0.278,0.512,12
M,0.49,0.38,0.14,0.6385,0.2305,0.142,0.195,13
F,0.44,0.345,0.17,0.4085,0.15,0.0825,0.1515,12
M,0.47,0.37,0.13,0.5225,0.201,0.133,0.165,7
I,0.465,0.355,0.105,0.442,0.2085,0.0975,0.1185,7
M,0.5,0.385,0.12,0.6335,0.2305,0.125,0.235,14
F,0.47,0.36,0.145,0.537,0.1725,0.1375,0.195,15
M,0.62,0.49,0.16,1.035,0.44,0.2525,0.285,11
I,0.485,0.375,0.13,0.5535,0.266,0.112,0.157,8
M,0.66,0.52,0.19,1.558,0.755,0.298,0.4,10
M,0.74,0.58,0.205,2.381,0.8155,0.4695,0.488,12
I,0.44,0.34,0.105,0.344,0.123,0.081,0.125,8
I,0.605,0.47,0.14,0.939,0.3385,0.201,0.32,13
F,0.525,0.4,0.115,0.6295,0.2555,0.14400000000000002,0.18,11
M,0.28,0.2,0.08,0.0915,0.033,0.0215,0.03,5
M,0.505,0.385,0.145,0.6775,0.236,0.179,0.2,15
I,0.495,0.375,0.12,0.614,0.2855,0.1365,0.161,8
M,0.6,0.47,0.175,1.105,0.4865,0.247,0.315,15
F,0.4,0.305,0.16,0.368,0.173,0.0705,0.105,7
F,0.575,0.45,0.16,0.9775,0.3135,0.231,0.33,12
M,0.72,0.6,0.235,2.2385,0.984,0.411,0.621,12
M,0.65,0.51,0.16,1.3835,0.6385,0.2905,0.3665,9
I,0.57,0.43,0.145,0.833,0.354,0.14400000000000002,0.2815,10
F,0.64,0.505,0.19,1.2355,0.4435,0.3105,0.365,14
I,0.62,0.485,0.17,1.208,0.4805,0.3045,0.33,15
I,0.45,0.35,0.13,0.547,0.245,0.1405,0.1405,8
I,0.625,0.46,0.16,1.2395,0.55,0.273,0.38,14
F,0.65,0.5,0.165,1.1445,0.485,0.218,0.365,12
M,0.5,0.385,0.145,0.7615,0.246,0.195,0.204,14
F,0.67,0.54,0.165,1.5015,0.518,0.358,0.505,14
M,0.43,0.335,0.12,0.397,0.1985,0.0865,0.1035,7
M,0.56,0.44,0.16,0.8645,0.3305,0.2075,0.26,10
I,0.515,0.42,0.15,0.6725,0.2555,0.1335,0.235,10
F,0.5,0.395,0.15,0.7145,0.3235,0.173,0.195,9
F,0.71,0.565,0.195,1.7265,0.638,0.3365,0.565,17
F,0.59,0.445,0.13,1.1325,0.3825,0.234,0.32,13
I,0.31,0.225,0.075,0.155,0.065,0.037000000000000005,0.0365,6
M,0.695,0.515,0.175,1.5165,0.578,0.4105,0.39,15
I,0.56,0.425,0.14,0.9175,0.4005,0.1975,0.26,10
M,0.5,0.38,0.135,0.5835,0.2295,0.1265,0.18,12
M,0.6,0.465,0.155,1.262,0.6245,0.2455,0.33,10
F,0.56,0.455,0.19,0.7140000000000001,0.28300000000000003,0.129,0.275,9
M,0.425,0.34,0.12,0.388,0.149,0.087,0.125,10
M,0.48,0.365,0.13,0.5305,0.2405,0.127,0.139,8
I,0.495,0.4,0.105,0.602,0.2505,0.1265,0.19,8
I,0.29,0.215,0.065,0.0985,0.0425,0.021,0.031,5
I,0.37,0.275,0.08,0.2325,0.093,0.056,0.07200000000000001,6
M,0.315,0.25,0.09,0.203,0.0615,0.037000000000000005,0.0795,11
F,0.665,0.53,0.185,1.3955,0.456,0.3205,0.49,15
M,0.59,0.44,0.15,0.9555,0.366,0.2425,0.295,11
M,0.595,0.45,0.145,0.959,0.463,0.2065,0.2535,10
I,0.43,0.315,0.115,0.384,0.1885,0.0715,0.11,8
M,0.62,0.485,0.205,1.219,0.3875,0.2505,0.385,14
M,0.28,0.205,0.1,0.1165,0.0545,0.0285,0.03,5
I,0.61,0.475,0.17,1.0385,0.4435,0.241,0.32,14
M,0.645,0.5,0.19,1.229,0.524,0.278,0.395,17
F,0.655,0.53,0.19,1.4280000000000002,0.493,0.318,0.565,18
F,0.57,0.445,0.155,0.733,0.282,0.159,0.235,14
M,0.575,0.435,0.15,0.805,0.293,0.1625,0.27,17
F,0.72,0.595,0.225,1.969,0.8045,0.423,0.66,16
M,0.625,0.505,0.215,1.4455,0.496,0.287,0.435,22
M,0.745,0.565,0.215,1.931,0.8959999999999999,0.4585,0.5,11
I,0.425,0.325,0.11,0.317,0.135,0.048,0.09,8
I,0.445,0.345,0.12,0.4035,0.16899999999999998,0.0825,0.13,7
I,0.545,0.4,0.13,0.6859999999999999,0.3285,0.1455,0.18,9
M,0.735,0.57,0.175,1.88,0.9095,0.387,0.488,11
M,0.485,0.36,0.13,0.5415,0.2595,0.096,0.16,10
F,0.595,0.46,0.14,1.0045,0.4655,0.2095,0.2515,9
F,0.635,0.495,0.18,1.596,0.617,0.317,0.37,11
I,0.295,0.225,0.08,0.124,0.0485,0.032,0.04,9
I,0.48,0.35,0.105,0.635,0.35200000000000004,0.127,0.135,6
M,0.62,0.48,0.155,1.2555,0.527,0.374,0.3175,11
M,0.665,0.5,0.175,1.2975,0.6075,0.314,0.315,9
M,0.655,0.54,0.215,1.844,0.7425,0.327,0.585,22
F,0.61,0.485,0.165,1.0915,0.3935,0.2435,0.33,18
M,0.48,0.385,0.145,0.64,0.2925,0.1405,0.1575,6
I,0.55,0.45,0.14,0.753,0.3445,0.1325,0.24,8
F,0.685,0.53,0.17,1.5105,0.7385,0.3525,0.3725,10
M,0.65,0.51,0.19,1.5419999999999998,0.7155,0.3735,0.375,9
I,0.365,0.295,0.095,0.25,0.1075,0.0545,0.08,9
M,0.645,0.5,0.16,1.3815,0.672,0.326,0.315,9
F,0.455,0.35,0.12,0.4555,0.1945,0.1045,0.1375,7
M,0.485,0.41,0.15,0.696,0.2405,0.1625,0.265,13
F,0.55,0.38,0.165,1.205,0.5429999999999999,0.294,0.3345,10
M,0.45,0.335,0.14,0.478,0.1865,0.115,0.16,11
I,0.595,0.475,0.155,0.984,0.4865,0.184,0.2755,10
M,0.715,0.535,0.19,1.6755,0.889,0.313,0.42,10
I,0.55,0.425,0.145,0.89,0.4325,0.171,0.236,10
M,0.55,0.42,0.16,1.3405,0.6325,0.311,0.344,10
M,0.31,0.225,0.08,0.1345,0.054000000000000006,0.024,0.05,7
F,0.555,0.42,0.14,0.868,0.33,0.243,0.21,13
M,0.475,0.36,0.1,0.4285,0.1965,0.099,0.112,7
F,0.655,0.515,0.18,1.412,0.6195,0.2485,0.4970000000000001,11
F,0.75,0.61,0.235,2.5085,1.232,0.519,0.612,14
F,0.61,0.495,0.185,1.1085,0.3705,0.3135,0.33,12
M,0.535,0.405,0.14,0.818,0.402,0.1715,0.189,7
M,0.425,0.325,0.1,0.3295,0.1365,0.0725,0.11,7
F,0.6,0.47,0.2,1.031,0.392,0.2035,0.29,15
M,0.645,0.49,0.175,1.32,0.6525,0.2375,0.3385,11
F,0.665,0.54,0.195,1.764,0.8505,0.3615,0.47,11
M,0.66,0.505,0.2,1.6305,0.4865,0.297,0.61,18
I,0.725,0.55,0.22,2.0495,0.7735,0.4405,0.655,10
M,0.585,0.47,0.165,1.409,0.8,0.229,0.295,10
I,0.15,0.1,0.025,0.015,0.0045,0.004,0.005,2
I,0.325,0.24,0.07,0.152,0.0565,0.0305,0.054000000000000006,8
I,0.655,0.515,0.145,1.25,0.5265,0.28300000000000003,0.315,15
M,0.45,0.36,0.16,0.5670000000000001,0.174,0.1245,0.225,12
M,0.5,0.38,0.125,0.5770000000000001,0.269,0.1265,0.1535,9
M,0.645,0.48,0.15,1.192,0.6055,0.2595,0.285,9
I,0.3,0.23,0.085,0.117,0.05,0.0175,0.0415,6
M,0.575,0.45,0.155,0.8859999999999999,0.3605,0.211,0.2575,9
F,0.53,0.42,0.135,0.677,0.2565,0.1415,0.21,9
M,0.335,0.235,0.085,0.1545,0.066,0.0345,0.045,6
I,0.27,0.195,0.065,0.1065,0.0475,0.0225,0.0285,5
M,0.58,0.455,0.135,0.7955,0.405,0.16699999999999998,0.204,10
M,0.72,0.575,0.23,2.2695,0.8835,0.3985,0.665,16
M,0.605,0.475,0.15,1.15,0.575,0.232,0.297,10
F,0.605,0.455,0.145,0.9775,0.468,0.1775,0.275,9
M,0.59,0.475,0.165,1.077,0.4545,0.244,0.3095,9
F,0.49,0.365,0.13,0.6835,0.165,0.1315,0.205,21
F,0.48,0.38,0.145,0.59,0.232,0.141,0.23,12
I,0.555,0.425,0.18,0.875,0.3695,0.2005,0.255,11
F,0.455,0.355,1.13,0.594,0.332,0.116,0.1335,8
F,0.565,0.45,0.135,0.9885,0.387,0.1495,0.31,12
I,0.425,0.3,0.095,0.3515,0.141,0.0775,0.12,8
M,0.475,0.355,0.125,0.4625,0.18600000000000005,0.107,0.145,9
I,0.325,0.25,0.07,0.1745,0.0875,0.0355,0.04,7
F,0.5,0.38,0.155,0.655,0.2405,0.14300000000000002,0.205,17
F,0.405,0.305,0.095,0.3485,0.1455,0.0895,0.1,9
F,0.67,0.545,0.175,1.707,0.6995,0.387,0.575,13
I,0.385,0.28,0.085,0.2175,0.097,0.038,0.067,8
F,0.6,0.485,0.145,0.7759999999999999,0.3545,0.1585,0.239,9
I,0.53,0.43,0.135,0.6255,0.245,0.1455,0.2135,10
M,0.67,0.525,0.17,1.4005,0.715,0.3025,0.387,9
M,0.495,0.38,0.12,0.474,0.197,0.1065,0.1545,10
M,0.63,0.48,0.185,1.21,0.53,0.2555,0.322,11
I,0.55,0.435,0.165,0.804,0.34,0.194,0.244,8
I,0.415,0.32,0.11,0.3735,0.175,0.0755,0.109,7
F,0.67,0.535,0.185,1.597,0.6275,0.35,0.47,21
I,0.435,0.325,0.105,0.335,0.136,0.065,0.115,8
M,0.695,0.545,0.185,1.5715,0.6645,0.3835,0.4505,13
M,0.53,0.41,0.165,0.732,0.189,0.17,0.31,11
M,0.61,0.485,0.175,1.2445,0.544,0.297,0.345,12
F,0.515,0.415,0.13,0.764,0.276,0.196,0.25,13
F,0.545,0.445,0.175,0.8525,0.3465,0.189,0.295,13
I,0.485,0.37,0.1,0.513,0.219,0.1075,0.13,7
I,0.585,0.47,0.17,0.985,0.3695,0.2395,0.315,10
M,0.67,0.54,0.175,1.482,0.7390000000000001,0.2925,0.365,10
I,0.425,0.34,0.1,0.3515,0.1625,0.08199999999999999,0.094,7
M,0.59,0.47,0.15,0.861,0.413,0.16399999999999998,0.249,8
F,0.55,0.405,0.125,0.6509999999999999,0.2965,0.13699999999999998,0.2,9
F,0.51,0.375,0.11,0.5805,0.2865,0.118,0.14800000000000002,7
I,0.435,0.3,0.12,0.5965,0.259,0.139,0.1645,8
M,0.47,0.35,0.1,0.4775,0.1885,0.0885,0.175,8
F,0.63,0.475,0.15,1.072,0.433,0.2975,0.315,8
M,0.465,0.355,0.12,0.5315,0.2725,0.097,0.1395,8
F,0.72,0.59,0.205,1.7495,0.7755,0.4225,0.48,11
I,0.435,0.325,0.11,0.3670000000000001,0.1595,0.08,0.105,6
F,0.62,0.54,0.165,1.139,0.4995,0.2435,0.35700000000000004,11
F,0.38,0.305,0.095,0.2815,0.1255,0.0525,0.09,8
I,0.51,0.395,0.13,0.6025,0.281,0.14300000000000002,0.162,7
F,0.5,0.38,0.14,0.6355,0.277,0.14300000000000002,0.1785,8
F,0.72,0.58,0.195,2.103,1.0265,0.48,0.5375,10
F,0.605,0.49,0.15,1.1345,0.5265,0.2645,0.295,9
F,0.625,0.47,0.145,0.984,0.475,0.2,0.265,11
F,0.735,0.6,0.22,2.555,1.1335,0.44,0.6,11
M,0.3,0.24,0.09,0.161,0.0725,0.039,0.05,6
F,0.525,0.41,0.115,0.7745,0.416,0.163,0.18,7
F,0.675,0.545,0.195,1.7345,0.6845,0.3695,0.605,20
I,0.385,0.29,0.08,0.2485,0.122,0.0495,0.065,7
F,0.545,0.41,0.125,0.654,0.2945,0.1315,0.205,10
F,0.72,0.545,0.185,1.7185,0.7925,0.401,0.468,11
F,0.53,0.395,0.145,0.775,0.308,0.16899999999999998,0.255,7
I,0.53,0.42,0.14,0.6765,0.256,0.1855,0.208,9
F,0.555,0.44,0.14,0.846,0.34600000000000003,0.1715,0.2735,10
I,0.36,0.25,0.115,0.465,0.21,0.1055,0.128,7
M,0.485,0.385,0.105,0.556,0.29600000000000004,0.104,0.133,7
I,0.48,0.39,0.15,0.6275,0.276,0.134,0.185,13
I,0.435,0.335,0.105,0.3535,0.156,0.05,0.1135,7
M,0.58,0.44,0.16,0.8295,0.3365,0.2005,0.2485,9
F,0.59,0.465,0.17,1.0425,0.4635,0.24,0.27,10
F,0.64,0.5,0.15,1.0705,0.371,0.2705,0.36,8
M,0.35,0.255,0.065,0.179,0.0705,0.0385,0.06,10
I,0.42,0.315,0.11,0.4025,0.1855,0.083,0.1015,8
I,0.3,0.22,0.065,0.1235,0.059,0.026,0.0315,5
M,0.56,0.45,0.175,1.011,0.3835,0.2065,0.37,15
I,0.36,0.28,0.105,0.199,0.0695,0.045,0.08,9
M,0.615,0.47,0.145,1.0285,0.4435,0.2825,0.285,11
I,0.48,0.35,0.1,0.519,0.2365,0.1275,0.126,7
F,0.56,0.455,0.125,0.943,0.344,0.129,0.375,21
I,0.325,0.245,0.075,0.1495,0.0605,0.033,0.045,5
M,0.545,0.46,0.16,0.8975,0.341,0.1655,0.345,10
I,0.475,0.355,0.105,0.468,0.201,0.1115,0.12,8
M,0.665,0.525,0.16,1.3630000000000002,0.629,0.279,0.34,8
I,0.45,0.34,0.12,0.4925,0.241,0.1075,0.12,6
M,0.59,0.47,0.145,0.9235,0.4545,0.173,0.254,9
M,0.55,0.43,0.18,0.8265,0.4405,0.159,0.225,10
M,0.175,0.125,0.04,0.024,0.0095,0.006,0.005,4
F,0.645,0.525,0.19,1.4635,0.6615,0.3435,0.435,19
I,0.44,0.365,0.11,0.4465,0.213,0.08900000000000001,0.1135,9
F,0.505,0.395,0.145,0.6515,0.2695,0.153,0.205,15
F,0.48,0.38,0.135,0.507,0.1915,0.1365,0.155,12
F,0.5,0.4,0.165,0.7105,0.27,0.1455,0.225,20
F,0.57,0.44,0.14,0.9535,0.3785,0.201,0.305,17
M,0.745,0.585,0.215,2.499,0.9265,0.472,0.7,17
I,0.235,0.175,0.08,0.0645,0.0215,0.0175,0.0215,5
F,0.635,0.495,0.175,1.2355,0.5205,0.3085,0.34700000000000003,10
M,0.6,0.48,0.155,1.014,0.451,0.1885,0.325,11
F,0.6,0.45,0.14,0.8370000000000001,0.37,0.177,0.2425,10
I,0.455,0.345,0.105,0.4005,0.16399999999999998,0.0755,0.126,8
I,0.525,0.4,0.125,0.5655,0.2435,0.119,0.175,8
I,0.385,0.265,0.08,0.251,0.124,0.037000000000000005,0.07,6
M,0.565,0.455,0.17,0.9065,0.342,0.156,0.32,18
M,0.66,0.515,0.155,1.4415,0.7055,0.3555,0.335,10
I,0.515,0.39,0.14,0.5555,0.2,0.1135,0.2235,12
I,0.3,0.23,0.075,0.15,0.0605,0.042,0.045,5
M,0.385,0.295,0.095,0.335,0.147,0.094,0.09,7
I,0.42,0.325,0.1,0.368,0.1675,0.0625,0.1135,11
I,0.425,0.325,0.115,0.3685,0.162,0.0865,0.1045,7
F,0.545,0.4,0.14,0.778,0.368,0.215,0.18,9
I,0.26,0.205,0.07,0.097,0.0415,0.019,0.0305,4
M,0.48,0.375,0.12,0.5895,0.2535,0.128,0.172,11
F,0.645,0.525,0.19,1.8085,0.7035,0.3885,0.395,18
F,0.525,0.425,0.145,0.7995,0.3345,0.209,0.24,15
I,0.27,0.205,0.075,0.118,0.059,0.031,0.0305,4
M,0.615,0.47,0.15,1.0875,0.4975,0.28300000000000003,0.2685,9
M,0.575,0.45,0.155,0.9765,0.495,0.2145,0.235,9
F,0.68,0.55,0.2,1.596,0.525,0.4075,0.585,21
I,0.36,0.3,0.085,0.27,0.1185,0.064,0.0745,7
F,0.485,0.365,0.15,0.9145,0.4145,0.199,0.273,7
M,0.64,0.49,0.14,1.194,0.4445,0.238,0.375,15
M,0.485,0.37,0.14,0.5725,0.204,0.1415,0.175,10
F,0.53,0.41,0.13,0.6965,0.302,0.1935,0.2,10
F,0.45,0.335,0.105,0.425,0.1865,0.091,0.115,9
F,0.6,0.485,0.165,1.1405,0.5870000000000001,0.2175,0.28800000000000003,9
F,0.55,0.43,0.14,0.7135,0.2565,0.18600000000000005,0.225,9
I,0.445,0.345,0.105,0.409,0.1675,0.1015,0.117,7
I,0.28,0.21,0.085,0.1075,0.0415,0.024,0.034,5
M,0.515,0.405,0.145,0.695,0.215,0.1635,0.234,15
I,0.38,0.285,0.085,0.237,0.115,0.0405,0.07,6
M,0.57,0.435,0.13,0.7535,0.349,0.1755,0.194,10
I,0.33,0.23,0.08,0.14,0.0565,0.0365,0.046,7
F,0.615,0.475,0.165,1.023,0.4905,0.1955,0.3035,12
I,0.25,0.185,0.065,0.0685,0.0295,0.014,0.0225,5
M,0.56,0.45,0.185,1.07,0.3805,0.175,0.41,19
F,0.62,0.52,0.225,1.1835,0.378,0.27,0.395,23
F,0.585,0.475,0.185,0.9585,0.4145,0.1615,0.33,11
I,0.485,0.385,0.13,0.568,0.2505,0.17800000000000002,0.154,7
M,0.515,0.4,0.14,0.7365,0.2955,0.184,0.185,16
I,0.425,0.315,0.1,0.377,0.1645,0.07200000000000001,0.105,6
M,0.46,0.35,0.125,0.5165,0.1885,0.1145,0.185,9
F,0.56,0.43,0.125,0.8025,0.313,0.1715,0.263,13
I,0.39,0.3,0.1,0.2665,0.1105,0.059,0.084,7
M,0.6,0.465,0.2,1.259,0.6405,0.1985,0.35700000000000004,9
M,0.72,0.55,0.205,2.165,1.1055,0.525,0.404,10
M,0.6,0.455,0.155,0.945,0.4365,0.2085,0.25,8
F,0.62,0.475,0.16,1.1295,0.463,0.2685,0.33,10
I,0.175,0.13,0.055,0.0315,0.0105,0.0065,0.0125,5
M,0.64,0.525,0.185,1.707,0.763,0.4205,0.4435,11
M,0.615,0.495,0.2,1.219,0.564,0.227,0.3885,10
I,0.525,0.405,0.125,0.657,0.2985,0.1505,0.168,10
I,0.515,0.395,0.125,0.6635,0.32,0.14,0.17,8
M,0.52,0.38,0.135,0.5825,0.2505,0.1565,0.175,8
F,0.67,0.53,0.225,1.5615,0.63,0.487,0.3725,11
I,0.47,0.355,0.145,0.4485,0.156,0.102,0.123,7
M,0.525,0.43,0.165,0.8645,0.376,0.1945,0.2515,16
F,0.535,0.425,0.135,0.7709999999999999,0.3765,0.1815,0.1795,8
F,0.58,0.465,0.165,1.1015,0.404,0.2095,0.35,11
M,0.595,0.455,0.145,0.942,0.43,0.182,0.277,11
M,0.62,0.45,0.2,0.858,0.4285,0.1525,0.2405,8
M,0.535,0.42,0.13,0.8055,0.301,0.181,0.28,14
I,0.46,0.36,0.105,0.466,0.2225,0.099,0.11,7
M,0.38,0.3,0.1,0.2505,0.106,0.0535,0.0775,8
I,0.46,0.35,0.105,0.3705,0.1575,0.077,0.114,9
I,0.365,0.27,0.085,0.205,0.078,0.0485,0.07,7
I,0.54,0.415,0.155,0.7020000000000001,0.322,0.16699999999999998,0.19,10
I,0.215,0.165,0.055,0.059,0.0265,0.0125,0.0185,5
F,0.725,0.56,0.185,1.7919999999999998,0.873,0.3670000000000001,0.435,11
F,0.625,0.485,0.15,1.0945,0.531,0.261,0.29600000000000004,10
I,0.47,0.355,0.12,0.3685,0.126,0.0835,0.1365,6
F,0.335,0.22,0.07,0.17,0.076,0.0365,0.05,6
M,0.48,0.355,0.16,0.464,0.221,0.106,0.239,8
M,0.605,0.5,0.175,1.098,0.4765,0.232,0.375,12
I,0.58,0.435,0.15,0.8915,0.363,0.1925,0.2515,6
M,0.31,0.225,0.075,0.1295,0.0455,0.0335,0.044,9
F,0.655,0.505,0.19,1.3485,0.5935,0.2745,0.425,12
