M,0.74,0.535,0.185,1.65,0.7340000000000001,0.4505,0.335,13
M,0.485,0.39,0.085,0.6435,0.2945,0.103,0.198,8
M,0.625,0.49,0.12,0.8765,0.456,0.18,0.233,10
M,0.585,0.51,0.16,1.218,0.639,0.241,0.3,11
I,0.505,0.38,0.12,0.594,0.2595,0.1435,0.18,7
F,0.7,0.54,0.215,1.978,0.6675,0.3125,0.71,24
F,0.66,0.53,0.185,1.3485,0.493,0.245,0.49,12
I,0.66,0.525,0.215,1.786,0.6725,0.3615,0.4065,11
I,0.36,0.265,0.09,0.2055,0.096,0.037000000000000005,0.0585,7
F,0.45,0.36,0.125,0.4995,0.2035,0.1,0.17,13
F,0.505,0.425,0.14,0.85,0.275,0.1625,0.285,19
M,0.565,0.455,0.15,0.9795,0.444,0.205,0.275,8
M,0.46,0.345,0.11,0.4595,0.235,0.0885,0.116,7
F,0.65,0.5,0.16,1.3825,0.7020000000000001,0.304,0.3195,9
F,0.52,0.405,0.14,0.8175,0.2795,0.183,0.26,17
F,0.535,0.42,0.15,0.7365,0.2785,0.18600000000000005,0.215,14
M,0.47,0.39,0.15,0.6355,0.2185,0.0885,0.255,9
M,0.645,0.505,0.185,1.463,0.5920000000000001,0.3905,0.416,10
M,0.605,0.49,0.165,1.1245,0.4920000000000001,0.222,0.3555,11
I,0.365,0.275,0.09,0.2345,0.108,0.051,0.0625,7
I,0.34,0.25,0.09,0.179,0.0775,0.033,0.055,6
M,0.66,0.53,0.175,1.5830000000000002,0.7395,0.3505,0.405,10
F,0.57,0.455,0.165,1.0595,0.44,0.2195,0.285,14
F,0.495,0.38,0.12,0.573,0.2655,0.1285,0.14400000000000002,7
I,0.2,0.145,0.025,0.0345,0.011,0.0075,0.01,5
F,0.635,0.505,0.17,1.415,0.605,0.297,0.365,15
F,0.62,0.435,0.155,1.012,0.477,0.236,0.275,8
F,0.59,0.455,0.15,0.976,0.465,0.2055,0.2765,10
I,0.395,0.3,0.09,0.2855,0.1385,0.0625,0.077,5
M,0.46,0.375,0.14,0.5105,0.192,0.1045,0.205,9
M,0.53,0.425,0.13,0.7020000000000001,0.2975,0.1395,0.22,9
F,0.69,0.54,0.185,1.5715,0.6935,0.318,0.47,15
I,0.295,0.215,0.07,0.121,0.047,0.0155,0.0405,6
M,0.445,0.37,0.125,0.515,0.2495,0.087,0.159,9
I,0.535,0.39,0.125,0.599,0.2595,0.149,0.16899999999999998,9
M,0.45,0.335,0.14,0.4625,0.16399999999999998,0.076,0.15,14
M,0.585,0.465,0.165,0.885,0.4025,0.1625,0.274,10
F,0.705,0.555,0.195,1.7525,0.7105,0.4215,0.516,12
F,0.625,0.445,0.16,1.09,0.46,0.2965,0.304,11
M,0.67,0.515,0.165,1.1735,0.526,0.285,0.316,11
I,0.615,0.49,0.155,0.9885,0.4145,0.195,0.345,13
M,0.615,0.455,0.13,0.9685,0.49,0.182,0.2655,10
M,0.37,0.28,0.1,0.252,0.1065,0.0595,0.07400000000000001,8
M,0.515,0.41,0.14,0.7355,0.3065,0.13699999999999998,0.2,7
M,0.275,0.2,0.08,0.099,0.037000000000000005,0.024,0.03,5
F,0.56,0.44,0.155,0.9705,0.4315,0.263,0.255,9
M,0.645,0.51,0.195,1.226,0.5885,0.2215,0.3745,10
M,0.61,0.47,0.155,1.0325,0.4970000000000001,0.2175,0.2785,9
F,0.52,0.43,0.15,0.728,0.302,0.1575,0.235,11
I,0.265,0.195,0.055,0.084,0.0365,0.0175,0.025,7
I,0.44,0.35,0.11,0.3805,0.1575,0.0895,0.115,6
F,0.58,0.45,0.195,0.8265,0.4035,0.173,0.225,9
I,0.56,0.44,0.17,0.9445,0.3545,0.2175,0.3,12
F,0.645,0.52,0.18,1.285,0.5775,0.35200000000000004,0.317,9
M,0.6,0.495,0.175,1.29,0.606,0.276,0.3445,11
M,0.76,0.605,0.215,2.173,0.8009999999999999,0.4915,0.6459999999999999,13
F,0.72,0.55,0.18,1.52,0.637,0.325,0.435,10
F,0.645,0.51,0.18,1.6195,0.7815,0.322,0.4675,12
I,0.265,0.195,0.06,0.092,0.0345,0.025,0.0245,6
F,0.56,0.445,0.195,0.981,0.305,0.2245,0.335,16
I,0.19,0.14,0.03,0.0315,0.0125,0.005,0.0105,3
M,0.525,0.4,0.14,0.7205,0.3685,0.145,0.1735,8
M,0.525,0.42,0.155,0.8420000000000001,0.428,0.1415,0.2045,9
I,0.52,0.395,0.135,0.633,0.2985,0.1295,0.175,9
F,0.62,0.47,0.14,1.0325,0.3605,0.224,0.36,15
F,0.575,0.435,0.155,0.8975,0.4115,0.2325,0.23,9
I,0.49,0.385,0.115,0.6829999999999999,0.3265,0.1615,0.165,13
I,0.59,0.46,0.125,0.755,0.334,0.15,0.238,9
M,0.61,0.475,0.155,1.168,0.5539999999999999,0.239,0.3295,10
I,0.455,0.345,0.11,0.434,0.207,0.0855,0.1215,8
F,0.525,0.415,0.17,0.8325,0.2755,0.1685,0.31,13
M,0.65,0.525,0.175,1.5365,0.6865,0.3585,0.405,11
F,0.62,0.48,0.165,1.043,0.4835,0.221,0.31,10
M,0.715,0.55,0.175,1.825,0.938,0.3805,0.44,11
F,0.67,0.585,0.16,1.3090000000000002,0.5445,0.2945,0.413,10
F,0.605,0.47,0.155,0.974,0.393,0.224,0.3345,9
F,0.73,0.58,0.19,1.7375,0.6785,0.4345,0.52,11
F,0.625,0.485,0.175,1.362,0.6765,0.2615,0.3705,10
I,0.475,0.35,0.125,0.4225,0.1905,0.079,0.1355,9
I,0.57,0.445,0.155,0.867,0.3705,0.1705,0.28,9
I,0.365,0.275,0.085,0.223,0.098,0.0375,0.075,7
M,0.71,0.575,0.215,2.009,0.9895,0.4475,0.502,11
M,0.66,0.535,0.2,1.791,0.733,0.318,0.54,15
M,0.62,0.51,0.175,1.615,0.5105,0.192,0.675,12
F,0.64,0.505,0.175,1.3185,0.6185,0.302,0.3315,9
I,0.585,0.46,0.14,0.7635,0.326,0.153,0.265,9
F,0.68,0.55,0.175,1.798,0.815,0.3925,0.455,19
M,0.61,0.485,0.16,1.0145,0.5315,0.212,0.2415,8
I,0.22,0.16,0.05,0.049,0.0215,0.01,0.015,4
M,0.535,0.41,0.15,0.8105,0.345,0.187,0.24,11
I,0.47,0.385,0.13,0.5870000000000001,0.264,0.117,0.174,8
I,0.32,0.24,0.085,0.131,0.0615,0.0265,0.038,6
M,0.49,0.355,0.155,0.981,0.465,0.2015,0.2505,8
I,0.565,0.44,0.135,0.768,0.3305,0.1385,0.2475,9
I,0.445,0.34,0.145,0.434,0.1945,0.0905,0.13,7
M,0.425,0.33,0.13,0.4405,0.152,0.0935,0.155,9
M,0.575,0.47,0.185,0.985,0.3745,0.2175,0.355,10
I,0.305,0.22,0.07,0.141,0.062,0.031,0.037000000000000005,5
F,0.515,0.435,0.17,0.631,0.2765,0.111,0.21600000000000005,12
I,0.47,0.345,0.115,0.4885,0.2005,0.108,0.166,11
F,0.52,0.405,0.12,0.627,0.2645,0.1415,0.181,11
M,0.56,0.41,0.165,0.93,0.3505,0.237,0.3,13
M,0.64,0.515,0.08,1.042,0.515,0.1755,0.175,10
F,0.675,0.53,0.175,1.4465,0.6775,0.33,0.389,10
M,0.685,0.52,0.165,1.519,0.6990000000000001,0.3685,0.4,10
I,0.48,0.355,0.115,0.4725,0.2065,0.112,0.132,8
I,0.355,0.26,0.09,0.1985,0.0715,0.0495,0.058,7
F,0.58,0.455,0.12,0.94,0.399,0.257,0.265,11
F,0.64,0.5,0.165,1.1635,0.5539999999999999,0.239,0.32,11
F,0.53,0.4,0.165,0.772,0.2855,0.1975,0.23,12
M,0.52,0.385,0.115,0.669,0.2385,0.172,0.205,12
I,0.53,0.4,0.125,0.617,0.279,0.127,0.19,8
I,0.46,0.36,0.1,0.4635,0.2325,0.093,0.115,7
I,0.42,0.3,0.105,0.316,0.1255,0.07,0.1035,7
M,0.585,0.47,0.145,0.9565,0.4025,0.2365,0.265,9
F,0.56,0.445,0.155,1.224,0.5565,0.3225,0.2695,10
F,0.56,0.465,0.16,1.0315,0.4320000000000001,0.2025,0.337,9
I,0.575,0.43,0.13,0.7425,0.2895,0.2005,0.22,8
F,0.565,0.45,0.165,0.9765,0.322,0.244,0.37,12
M,0.58,0.46,0.155,1.0335,0.469,0.2225,0.295,10
M,0.46,0.375,0.135,0.4935,0.18600000000000005,0.0845,0.17,12
I,0.185,0.135,0.04,0.027000000000000003,0.0105,0.0055,0.009000000000000001,5
I,0.49,0.385,0.14,0.5425,0.198,0.127,0.175,11
F,0.55,0.47,0.15,0.9205,0.381,0.2435,0.2675,10
M,0.495,0.375,0.115,0.6245,0.282,0.14300000000000002,0.155,6
F,0.305,0.225,0.07,0.1485,0.0585,0.0335,0.045,7
I,0.62,0.47,0.155,0.966,0.447,0.171,0.284,11
I,0.575,0.45,0.125,0.78,0.3275,0.188,0.235,9
M,0.655,0.525,0.18,1.402,0.624,0.2935,0.365,13
M,0.55,0.46,0.175,0.8690000000000001,0.3155,0.1825,0.32,10
I,0.545,0.42,0.125,0.7170000000000001,0.358,0.112,0.22,8
F,0.46,0.425,0.155,0.746,0.3005,0.152,0.24,8
M,0.45,0.35,0.13,0.46,0.174,0.111,0.135,8
I,0.56,0.425,0.145,0.688,0.3095,0.1305,0.2165,9
M,0.71,0.57,0.195,1.348,0.8985,0.4435,0.4535,11
M,0.72,0.565,0.145,1.187,0.691,0.1945,0.2685,8
I,0.325,0.27,0.1,0.185,0.08,0.0435,0.065,6
M,0.34,0.265,0.085,0.1835,0.077,0.046,0.065,10
M,0.595,0.47,0.175,0.991,0.382,0.2395,0.5,12
I,0.17,0.13,0.095,0.03,0.013,0.008,0.01,4
I,0.18,0.135,0.08,0.033,0.0145,0.006999999999999999,0.01,5
I,0.56,0.425,0.135,0.8205,0.3715,0.185,0.236,9
F,0.62,0.485,0.155,1.1945,0.5105,0.271,0.35200000000000004,9
M,0.575,0.455,0.165,0.867,0.3765,0.1805,0.268,8
F,0.715,0.565,0.18,1.79,0.8440000000000001,0.3535,0.5385,9
M,0.635,0.51,0.17,1.3555,0.619,0.305,0.39,9
I,0.475,0.35,0.115,0.498,0.2375,0.099,0.14,7
M,0.475,0.37,0.11,0.4895,0.2185,0.107,0.146,8
M,0.57,0.46,0.15,1.0375,0.5415,0.2035,0.25,9
I,0.19,0.145,0.04,0.038,0.0165,0.0065,0.015,4
M,0.59,0.475,0.14,0.977,0.4625,0.2025,0.275,10
M,0.46,0.345,0.12,0.4935,0.2435,0.1175,0.132,8
M,0.47,0.385,0.135,0.5895,0.2765,0.12,0.17,8
I,0.53,0.38,0.125,0.616,0.292,0.113,0.185,8
F,0.635,0.535,0.19,1.242,0.5760000000000001,0.2475,0.39,14
F,0.585,0.45,0.15,0.938,0.467,0.203,0.225,7
I,0.54,0.425,0.135,0.6859999999999999,0.3475,0.1545,0.213,8
M,0.335,0.265,0.105,0.222,0.0935,0.056,0.075,7
M,0.405,0.305,0.085,0.2605,0.1145,0.0595,0.085,8
I,0.24,0.175,0.055,0.0705,0.025,0.014,0.021,5
I,0.51,0.385,0.145,0.7665,0.3985,0.14,0.1805,8
I,0.505,0.425,0.125,0.6115,0.245,0.1375,0.2,9
F,0.605,0.47,0.16,1.0835,0.5405,0.2215,0.275,12
F,0.565,0.45,0.185,0.9285,0.302,0.1805,0.265,12
M,0.57,0.455,0.155,0.8320000000000001,0.3585,0.174,0.277,11
I,0.575,0.44,0.125,0.8515,0.4555,0.1715,0.1965,9
M,0.505,0.365,0.115,0.521,0.25,0.096,0.15,8
I,0.415,0.31,0.095,0.311,0.1125,0.0625,0.115,8
M,0.64,0.51,0.17,1.3715,0.5670000000000001,0.307,0.409,10
F,0.67,0.55,0.155,1.5659999999999998,0.858,0.339,0.354,10
F,0.6,0.465,0.16,1.133,0.466,0.2885,0.298,11
M,0.47,0.36,0.135,0.501,0.1665,0.115,0.165,10
F,0.61,0.45,0.16,1.136,0.414,0.311,0.3,9
M,0.385,0.31,0.1,0.2845,0.1065,0.075,0.1,11
F,0.72,0.565,0.17,1.6130000000000002,0.723,0.3255,0.4945,12
I,0.335,0.245,0.09,0.1665,0.0595,0.04,0.06,6
I,0.305,0.215,0.065,0.1075,0.044,0.0205,0.038,5
M,0.56,0.465,0.145,0.8875,0.3345,0.22,0.2695,9
M,0.635,0.515,0.165,1.229,0.5055,0.2975,0.3535,10
I,0.24,0.185,0.06,0.0655,0.0295,0.0005,0.02,4
M,0.49,0.38,0.135,0.5415,0.2175,0.095,0.19,11
F,0.585,0.46,0.17,1.0835,0.3745,0.326,0.325,14
I,0.525,0.4,0.13,0.6445,0.345,0.1285,0.2,8
I,0.415,0.325,0.1,0.3215,0.1535,0.0595,0.105,10
I,0.3,0.235,0.08,0.131,0.05,0.0265,0.043,4
I,0.465,0.325,0.14,0.7615,0.362,0.1535,0.209,10
I,0.075,0.055,0.01,0.002,0.001,0.0005,0.0015,1
I,0.39,0.315,0.09,0.3095,0.147,0.05,0.09,7
M,0.63,0.485,0.155,1.278,0.637,0.275,0.31,8
F,0.615,0.525,0.155,1.0385,0.4270000000000001,0.2315,0.345,11
F,0.605,0.48,0.175,1.1685,0.4815,0.2305,0.35600000000000004,9
M,0.6,0.46,0.17,1.1805,0.456,0.337,0.329,11
M,0.43,0.35,0.11,0.406,0.1675,0.081,0.135,10
F,0.475,0.35,0.115,0.487,0.194,0.1455,0.125,13
I,0.515,0.415,0.135,0.7125,0.285,0.152,0.245,10
F,0.585,0.435,0.175,0.982,0.4055,0.2495,0.27,10
M,0.475,0.375,0.12,0.563,0.2525,0.1205,0.185,10
F,0.49,0.38,0.13,0.539,0.229,0.1355,0.165,12
M,0.6,0.46,0.18,1.14,0.423,0.2575,0.365,10
F,0.58,0.455,0.155,0.8365,0.315,0.1385,0.32,18
I,0.53,0.42,0.13,0.6579999999999999,0.29600000000000004,0.1245,0.198,8
I,0.255,0.185,0.06,0.08800000000000001,0.0365,0.021,0.023,5
M,0.54,0.405,0.155,0.9715,0.3225,0.194,0.29,19
I,0.505,0.39,0.185,0.6125,0.267,0.142,0.172,7
F,0.48,0.38,0.12,0.608,0.2705,0.1405,0.185,8
F,0.575,0.475,0.16,0.895,0.3605,0.221,0.271,9
F,0.475,0.375,0.125,0.588,0.237,0.1715,0.155,10
I,0.325,0.24,0.075,0.1525,0.07200000000000001,0.0645,0.043,6
I,0.35,0.25,0.07,0.1605,0.0715,0.0335,0.046,6
M,0.575,0.445,0.145,0.847,0.415,0.1945,0.22,9
I,0.5,0.375,0.12,0.529,0.2235,0.123,0.16,8
M,0.495,0.38,0.135,0.6295,0.263,0.1425,0.215,12
M,0.605,0.475,0.155,1.161,0.5720000000000001,0.2455,0.275,9
F,0.615,0.48,0.16,1.2525,0.585,0.2595,0.33,8
M,0.475,0.395,0.135,0.5920000000000001,0.2465,0.1645,0.2,13
M,0.63,0.53,0.175,1.4135,0.667,0.2945,0.3555,13
M,0.65,0.495,0.18,1.793,0.8005,0.339,0.53,14
I,0.26,0.215,0.08,0.099,0.037000000000000005,0.0255,0.045,5
M,0.55,0.425,0.16,0.7929999999999999,0.343,0.2035,0.215,9
F,0.6,0.475,0.15,1.13,0.575,0.196,0.305,9
M,0.365,0.285,0.085,0.2205,0.0855,0.0515,0.07,9
F,0.52,0.405,0.125,0.6435,0.2415,0.1735,0.21,12
M,0.65,0.495,0.16,1.304,0.57,0.312,0.3725,9
F,0.62,0.51,0.18,1.233,0.5920000000000001,0.274,0.322,10
F,0.61,0.475,0.16,1.1155,0.3835,0.223,0.379,10
F,0.62,0.475,0.15,0.9545,0.455,0.1865,0.277,9
I,0.575,0.435,0.13,0.805,0.3155,0.2155,0.245,10
F,0.625,0.495,0.16,1.234,0.6335,0.192,0.35,13
M,0.57,0.44,0.095,0.8270000000000001,0.3395,0.2215,0.235,8
M,0.565,0.445,0.145,0.9255,0.4345,0.212,0.2475,9
I,0.52,0.39,0.14,0.7325,0.2415,0.14400000000000002,0.26,19
I,0.325,0.225,0.075,0.139,0.0565,0.032,0.09,6
F,0.61,0.46,0.145,1.1185,0.478,0.2945,0.2985,10
M,0.4,0.32,0.095,0.303,0.1335,0.06,0.1,7
I,0.32,0.255,0.085,0.1745,0.07200000000000001,0.033,0.057,8
M,0.27,0.2,0.08,0.1205,0.0465,0.028,0.04,6
M,0.615,0.48,0.18,1.1595,0.4845,0.2165,0.325,13
I,0.59,0.465,0.195,1.0885,0.3685,0.187,0.375,17
M,0.48,0.37,0.135,0.6315,0.3445,0.1015,0.161,7
M,0.65,0.525,0.19,1.4995,0.6265,0.4005,0.395,14
I,0.33,0.255,0.085,0.1655,0.063,0.039,0.06,8
I,0.525,0.405,0.145,0.6965,0.3045,0.1535,0.21,8
F,0.73,0.55,0.205,1.908,0.5415,0.3565,0.5965,14
I,0.445,0.33,0.12,0.34700000000000003,0.12,0.084,0.105,11
F,0.62,0.5,0.175,1.107,0.4895,0.24,0.343,11
F,0.6,0.45,0.14,0.8690000000000001,0.3425,0.195,0.29100000000000004,11
I,0.535,0.41,0.13,0.6075,0.268,0.1225,0.1975,9
F,0.43,0.34,0.11,0.382,0.154,0.0955,0.109,8
I,0.44,0.33,0.135,0.522,0.17,0.0905,0.195,16
I,0.275,0.2,0.07,0.096,0.037000000000000005,0.0225,0.03,6
I,0.23,0.165,0.06,0.0515,0.019,0.0145,0.036000000000000004,4
M,0.59,0.5,0.2,1.187,0.412,0.2705,0.37,16
M,0.525,0.4,0.14,0.7325,0.334,0.1575,0.17,11
M,0.695,0.55,0.205,2.173,1.133,0.4665,0.496,10
F,0.35,0.265,0.09,0.1855,0.0745,0.0415,0.06,7
F,0.56,0.435,0.125,0.8775,0.3345,0.2145,0.29,13
I,0.53,0.42,0.155,0.81,0.4725,0.111,0.192,10
M,0.6,0.46,0.155,0.9595,0.4455,0.189,0.295,11
F,0.505,0.39,0.13,0.674,0.3165,0.141,0.1785,9
I,0.45,0.355,0.115,0.4385,0.184,0.108,0.1125,11
I,0.295,0.215,0.075,0.116,0.037000000000000005,0.0295,0.04,8
I,0.465,0.375,0.12,0.471,0.222,0.119,0.14,9
F,0.625,0.49,0.19,1.7015,0.7465,0.4105,0.3855,11
M,0.31,0.235,0.06,0.12,0.0415,0.033,0.04,11
I,0.18,0.125,0.035,0.0265,0.0095,0.0055,0.0085,4
M,0.575,0.48,0.15,0.9465,0.4355,0.2605,0.2505,9
M,0.7,0.575,0.19,2.273,1.095,0.418,0.638,12
F,0.61,0.485,0.15,1.2405,0.6025,0.2915,0.3085,12
I,0.415,0.33,0.1,0.3905,0.1925,0.0755,0.1025,7
M,0.665,0.535,0.155,1.383,0.596,0.2565,0.485,14
F,0.385,0.305,0.125,0.314,0.146,0.0555,0.08,10
M,0.62,0.47,0.135,1.0195,0.5315,0.2005,0.2475,8
F,0.6,0.475,0.155,1.0590000000000002,0.441,0.19,0.39,11
F,0.64,0.5,0.175,1.394,0.4935,0.29100000000000004,0.4,10
M,0.465,0.36,0.125,0.4365,0.16899999999999998,0.1075,0.145,11
M,0.445,0.35,0.115,0.3615,0.1565,0.0695,0.117,8
F,0.685,0.565,0.175,1.638,0.7775,0.375,0.438,11
F,0.665,0.555,0.195,1.4385,0.581,0.354,0.36,17
I,0.37,0.29,0.09,0.2445,0.08900000000000001,0.0655,0.075,7
M,0.53,0.41,0.14,0.7545,0.3495,0.1715,0.2105,8
M,0.565,0.44,0.175,1.122,0.393,0.2,0.375,20
M,0.68,0.515,0.17,1.6115,0.8415,0.306,0.395,11
I,0.475,0.34,0.105,0.4535,0.203,0.08,0.1465,9
M,0.62,0.49,0.17,1.2105,0.5185,0.2555,0.335,13
I,0.52,0.38,0.14,0.525,0.1775,0.115,0.185,11
M,0.46,0.34,0.135,0.495,0.1655,0.117,0.185,10
F,0.515,0.4,0.125,0.615,0.2865,0.123,0.1765,8
I,0.355,0.27,0.1,0.2255,0.11,0.042,0.064,7
I,0.535,0.415,0.15,0.5765,0.3595,0.135,0.225,8
M,0.555,0.44,0.15,0.838,0.4155,0.146,0.23,8
M,0.52,0.39,0.12,0.6435,0.2885,0.157,0.161,7
I,0.485,0.375,0.11,0.464,0.2015,0.09,0.149,8
I,0.605,0.47,0.145,0.8025,0.379,0.2265,0.22,9
I,0.55,0.435,0.14,0.7535,0.3285,0.1555,0.2325,10
M,0.64,0.505,0.155,1.1955,0.5565,0.211,0.34600000000000003,11
I,0.255,0.195,0.07,0.0735,0.0255,0.02,0.025,6
M,0.645,0.515,0.185,1.4605,0.5835,0.3155,0.41,19
M,0.625,0.49,0.165,1.205,0.5175,0.3105,0.3465,10
M,0.725,0.57,0.19,2.3305,1.253,0.541,0.52,9
I,0.37,0.29,0.1,0.25,0.1025,0.0505,0.085,10
I,0.52,0.38,0.125,0.5545,0.28800000000000003,0.1295,0.16699999999999998,8
I,0.505,0.385,0.125,0.596,0.245,0.097,0.21,9
I,0.51,0.375,0.15,0.8415,0.3845,0.156,0.255,10
F,0.53,0.395,0.115,0.5685,0.249,0.1375,0.161,9
M,0.62,0.51,0.175,1.1505,0.4375,0.2265,0.4,12
F,0.6,0.46,0.15,1.235,0.6025,0.274,0.29,8
I,0.53,0.425,0.13,0.7809999999999999,0.3905,0.2005,0.215,9
I,0.175,0.125,0.05,0.0235,0.008,0.0035,0.008,5
I,0.39,0.29,0.09,0.2625,0.117,0.054000000000000006,0.077,7
M,0.595,0.46,0.17,1.1295,0.57,0.2555,0.265,10
I,0.535,0.4,0.145,0.705,0.3065,0.1365,0.22,10
M,0.62,0.5,0.165,1.307,0.6355,0.2545,0.315,9
I,0.535,0.4,0.135,0.6025,0.2895,0.121,0.154,9
M,0.71,0.56,0.22,2.015,0.9215,0.454,0.5660000000000001,11
F,0.64,0.51,0.2,1.3905,0.61,0.3315,0.41,12
I,0.37,0.275,0.095,0.257,0.1015,0.055,0.0825,6
M,0.67,0.52,0.175,1.4755,0.6275,0.379,0.374,10
I,0.53,0.42,0.13,0.8365,0.3745,0.16699999999999998,0.249,11
F,0.66,0.5,0.155,1.3765,0.6485,0.28800000000000003,0.335,12
M,0.465,0.375,0.11,0.5,0.21,0.113,0.1505,8
M,0.43,0.33,0.095,0.34,0.1315,0.085,0.112,14
M,0.735,0.59,0.215,1.747,0.7275,0.403,0.557,11
M,0.655,0.55,0.18,1.274,0.586,0.281,0.365,10
M,0.655,0.485,0.195,1.62,0.6275,0.358,0.485,17
M,0.425,0.35,0.105,0.393,0.13,0.063,0.165,9
F,0.595,0.48,0.16,1.2095,0.5225,0.29600000000000004,0.32,8
M,0.515,0.455,0.135,0.7225,0.295,0.1625,0.235,9
M,0.33,0.245,0.085,0.171,0.0655,0.0365,0.055,11
F,0.52,0.405,0.115,0.7759999999999999,0.32,0.1845,0.22,8
M,0.64,0.515,0.18,1.247,0.5475,0.2925,0.3685,10
M,0.66,0.525,0.2,1.489,0.6065,0.3795,0.421,10
M,0.56,0.425,0.135,0.9415,0.509,0.2015,0.1975,9
M,0.605,0.49,0.18,1.227,0.48,0.287,0.35,18
I,0.62,0.47,0.14,0.8565,0.3595,0.16,0.295,9
I,0.65,0.525,0.18,1.626,0.597,0.3445,0.53,18
F,0.56,0.43,0.15,0.8745,0.453,0.161,0.22,8
F,0.61,0.47,0.195,1.2735,0.469,0.3315,0.398,12
M,0.335,0.255,0.075,0.1635,0.0615,0.0345,0.057,8
M,0.565,0.445,0.15,0.7959999999999999,0.3635,0.184,0.219,8
F,0.585,0.485,0.15,1.079,0.4145,0.2115,0.35600000000000004,11
M,0.61,0.475,0.175,1.024,0.409,0.261,0.322,9
F,0.4,0.3,0.115,0.3025,0.1335,0.0465,0.0935,8
I,0.44,0.32,0.105,0.3875,0.1755,0.07400000000000001,0.12,9
I,0.615,0.475,0.13,0.8425,0.353,0.1915,0.251,8
I,0.46,0.34,0.09,0.384,0.1795,0.068,0.11,8
M,0.665,0.525,0.18,1.429,0.6715,0.29,0.4,12
M,0.625,0.49,0.165,1.1835,0.517,0.2375,0.39,11
M,0.395,0.28,0.08,0.266,0.0995,0.066,0.09,12
I,0.385,0.29,0.09,0.2615,0.111,0.0595,0.0745,9
M,0.47,0.38,0.145,0.5865,0.2385,0.14400000000000002,0.185,8
I,0.37,0.275,0.14,0.2215,0.097,0.0455,0.0615,6
I,0.35,0.26,0.095,0.211,0.086,0.056,0.068,7
F,0.525,0.405,0.16,0.6579999999999999,0.2655,0.1125,0.225,12
I,0.38,0.285,0.09,0.2305,0.1005,0.039,0.0775,7
I,0.51,0.39,0.125,0.597,0.293,0.1265,0.1555,8
F,0.74,0.575,0.22,2.012,0.8915,0.5265,0.471,12
M,0.525,0.425,0.19,0.872,0.4625,0.1725,0.199,9
F,0.655,0.515,0.155,1.3090000000000002,0.524,0.34600000000000003,0.385,11
F,0.63,0.475,0.175,1.423,0.4155,0.3385,0.49,14
M,0.545,0.425,0.135,0.8445,0.373,0.21,0.235,10
I,0.44,0.365,0.115,0.501,0.2435,0.084,0.1465,9
F,0.49,0.365,0.145,0.6345,0.1995,0.1625,0.22,10
F,0.61,0.45,0.13,0.8725,0.389,0.1715,0.272,11
F,0.5,0.385,0.115,0.6785,0.2945,0.138,0.195,12
I,0.41,0.305,0.095,0.2625,0.1,0.0515,0.09,6
M,0.565,0.44,0.115,0.9185,0.404,0.1785,0.29,11
M,0.525,0.4,0.17,0.7305,0.279,0.2055,0.195,11
M,0.725,0.565,0.215,1.891,0.6975,0.4725,0.58,16
M,0.68,0.54,0.155,1.534,0.6709999999999999,0.379,0.384,10
M,0.585,0.405,0.15,1.2565,0.435,0.202,0.325,15
F,0.66,0.53,0.17,1.431,0.622,0.309,0.398,10
M,0.5,0.4,0.13,0.6645,0.258,0.133,0.24,12
F,0.61,0.47,0.16,1.0745,0.4925,0.236,0.29,8
I,0.41,0.32,0.095,0.2905,0.141,0.063,0.073,5
F,0.6,0.5,0.155,1.332,0.6235,0.2835,0.35,8
F,0.655,0.53,0.165,1.2835,0.583,0.1255,0.4,8
I,0.425,0.34,0.1,0.371,0.15,0.0865,0.115,8
M,0.585,0.475,0.15,1.065,0.5315,0.199,0.2885,10
M,0.665,0.515,0.19,1.6385,0.831,0.3575,0.371,11
I,0.545,0.43,0.14,0.772,0.289,0.19,0.2615,8
I,0.35,0.25,0.075,0.1695,0.0835,0.0355,0.041,6
F,0.665,0.535,0.19,1.496,0.5775,0.2815,0.475,17
I,0.36,0.27,0.095,0.2,0.073,0.056,0.061,8
I,0.55,0.43,0.145,0.7895,0.3745,0.171,0.223,11
M,0.65,0.545,0.16,1.2425,0.487,0.29600000000000004,0.48,15
I,0.425,0.34,0.105,0.389,0.2015,0.0905,0.08800000000000001,6
M,0.665,0.525,0.165,1.338,0.5515,0.3575,0.35,18
F,0.68,0.55,0.21,1.7445,0.5975,0.305,0.625,17
I,0.515,0.385,0.125,0.6115,0.3175,0.1265,0.15,8
F,0.455,0.365,0.11,0.385,0.166,0.046,0.1345,13
I,0.41,0.33,0.105,0.335,0.1525,0.07400000000000001,0.11,7
F,0.665,0.515,0.18,1.389,0.5945,0.324,0.395,10
F,0.725,0.53,0.19,1.7315,0.83,0.398,0.405,11
I,0.54,0.42,0.14,0.6665,0.3125,0.138,0.1895,10
I,0.31,0.225,0.07,0.1055,0.435,0.015,0.04,5
M,0.625,0.48,0.18,1.223,0.565,0.2975,0.3375,10
I,0.295,0.23,0.08,0.1625,0.065,0.05,0.0385,5
I,0.485,0.355,0.105,0.498,0.2175,0.096,0.1525,9
M,0.62,0.49,0.19,1.218,0.5455,0.2965,0.355,13
M,0.52,0.4,0.125,0.5589999999999999,0.254,0.139,0.149,8
I,0.245,0.18,0.065,0.071,0.03,0.013,0.0215,4
I,0.415,0.325,0.115,0.3285,0.1405,0.051,0.106,12
M,0.515,0.35,0.155,0.9225,0.4185,0.198,0.273,9
I,0.51,0.385,0.15,0.625,0.3095,0.119,0.1725,8
I,0.455,0.355,0.105,0.3720000000000001,0.138,0.0765,0.135,9
I,0.51,0.395,0.105,0.5525,0.234,0.127,0.165,8
F,0.55,0.445,0.155,0.9905,0.544,0.17800000000000002,0.218,9
I,0.435,0.33,0.11,0.413,0.2055,0.096,0.096,6
M,0.59,0.475,0.155,0.857,0.35600000000000004,0.174,0.28,13
M,0.57,0.45,0.155,0.91,0.326,0.1895,0.355,14
F,0.54,0.385,0.14,0.7655,0.3265,0.116,0.2365,10
M,0.525,0.41,0.13,0.99,0.3865,0.243,0.295,15
M,0.525,0.395,0.13,0.7635,0.3375,0.1425,0.225,8
F,0.645,0.49,0.215,1.406,0.4265,0.2285,0.51,25
F,0.44,0.35,0.125,0.4035,0.175,0.063,0.129,9
M,0.655,0.51,0.215,1.7835,0.8885,0.4095,0.4195,11
I,0.53,0.415,0.13,0.6940000000000001,0.3905,0.111,0.16699999999999998,9
M,0.57,0.475,0.195,1.0295,0.4635,0.1905,0.305,18
M,0.375,0.3,0.1,0.2465,0.104,0.0475,0.083,11
M,0.625,0.47,0.145,1.7855,0.675,0.247,0.3245,13
M,0.565,0.425,0.1,0.7145,0.3055,0.166,0.18,12
M,0.46,0.375,0.13,0.5735,0.2505,0.119,0.195,9
F,0.545,0.44,0.15,0.9475,0.366,0.239,0.275,8
F,0.53,0.42,0.14,0.627,0.2905,0.1165,0.183,8
M,0.595,0.49,0.185,1.185,0.482,0.2015,0.361,10
M,0.545,0.41,0.14,0.737,0.349,0.15,0.212,9
I,0.24,0.175,0.065,0.0665,0.031,0.0135,0.017,3
M,0.555,0.44,0.135,0.9025,0.3805,0.2105,0.28,13
I,0.21,0.15,0.055,0.0455,0.02,0.0065,0.013,4
I,0.39,0.3,0.1,0.3085,0.1385,0.0735,0.085,6
F,0.4,0.325,0.12,0.3185,0.134,0.0565,0.095,8
F,0.6,0.47,0.17,1.0805,0.4995,0.2245,0.3205,9
M,0.495,0.395,0.125,0.5415,0.2375,0.1345,0.155,9
I,0.525,0.405,0.15,0.795,0.3075,0.205,0.255,14
F,0.54,0.42,0.13,0.7505,0.368,0.1675,0.1845,9
I,0.475,0.36,0.11,0.4555,0.177,0.0965,0.145,9
I,0.52,0.38,0.13,0.5345,0.2375,0.122,0.1535,8
M,0.615,0.475,0.155,1.0735,0.4375,0.2585,0.31,11
I,0.445,0.355,0.095,0.3615,0.1415,0.0785,0.12,8
F,0.505,0.4,0.125,0.583,0.246,0.13,0.175,7
I,0.485,0.365,0.09,0.6509999999999999,0.3165,0.132,0.18,8
M,0.695,0.56,0.185,1.74,0.885,0.3715,0.4375,10
I,0.395,0.31,0.095,0.313,0.131,0.07200000000000001,0.093,7
F,0.64,0.475,0.175,1.1545,0.4865,0.341,0.28800000000000003,9
I,0.35,0.25,0.1,0.4015,0.1725,0.063,0.1255,7
M,0.6,0.475,0.17,1.1315,0.508,0.272,0.309,10
I,0.585,0.45,0.15,0.8915,0.3975,0.2035,0.253,8
I,0.435,0.34,0.11,0.3795,0.1495,0.085,0.12,8
F,0.645,0.52,0.175,1.3345,0.667,0.2665,0.355,10
I,0.45,0.33,0.105,0.448,0.208,0.08900000000000001,0.12,9
M,0.385,0.3,0.115,0.3435,0.1645,0.085,0.1025,6
M,0.51,0.405,0.125,0.6925,0.327,0.155,0.1805,7
M,0.67,0.5,0.19,1.519,0.616,0.388,0.415,10
M,0.51,0.4,0.14,0.6515,0.2455,0.1665,0.185,10
F,0.45,0.35,0.135,0.56,0.231,0.13699999999999998,0.145,13
M,0.62,0.505,0.185,1.5275,0.69,0.368,0.35,13
M,0.65,0.525,0.175,1.4715,0.675,0.315,0.399,11
I,0.355,0.275,0.09,0.251,0.097,0.053,0.08,7
F,0.645,0.55,0.175,1.2915,0.57,0.3045,0.33,14
I,0.435,0.335,0.1,0.3245,0.135,0.0785,0.098,7
F,0.635,0.485,0.155,1.073,0.467,0.1975,0.35,11
F,0.55,0.44,0.155,0.946,0.313,0.1825,0.335,16
M,0.73,0.595,0.23,2.8255,1.1465,0.419,0.897,17
I,0.28,0.21,0.065,0.111,0.0425,0.0285,0.03,6
I,0.55,0.425,0.155,0.8725,0.412,0.187,0.2425,10
F,0.46,0.375,0.12,0.4605,0.1775,0.11,0.15,7
F,0.575,0.46,0.16,1.103,0.5379999999999999,0.221,0.249,9
F,0.62,0.48,0.165,1.0125,0.5325,0.4365,0.324,10
M,0.58,0.46,0.15,1.0490000000000002,0.5205,0.1935,0.305,10
I,0.275,0.2,0.055,0.0925,0.038,0.021,0.026,4
F,0.655,0.52,0.175,1.472,0.6275,0.27,0.45,13
M,0.49,0.38,0.11,0.5539999999999999,0.2935,0.1005,0.15,8
F,0.54,0.44,0.135,0.959,0.2385,0.221,0.3,17
I,0.38,0.27,0.08,0.2105,0.0865,0.042,0.07,8
F,0.66,0.52,0.18,1.514,0.526,0.2975,0.42,19
M,0.7,0.54,0.205,1.74,0.7885,0.373,0.4865,13
M,0.475,0.36,0.12,0.578,0.2825,0.12,0.17,8
I,0.43,0.32,0.1,0.3465,0.1635,0.08,0.09,7
I,0.245,0.195,0.06,0.095,0.0445,0.0245,0.026,4
F,0.675,0.535,0.16,1.41,0.5920000000000001,0.3175,0.42,16
I,0.52,0.395,0.125,0.5805,0.2445,0.146,0.165,9
I,0.5,0.38,0.125,0.519,0.2485,0.1135,0.134,8
F,0.45,0.355,0.105,0.5225,0.237,0.1165,0.145,8
F,0.675,0.55,0.19,1.551,0.7105,0.3685,0.412,13
F,0.505,0.405,0.18,0.606,0.239,0.1235,0.18,11
M,0.53,0.405,0.125,0.6515,0.2715,0.1605,0.18600000000000005,7
I,0.595,0.47,0.135,0.9365,0.434,0.184,0.287,10
I,0.415,0.325,0.1,0.313,0.139,0.0625,0.0965,7
I,0.235,0.175,0.055,0.067,0.027000000000000003,0.0125,0.018000000000000002,6
I,0.18,0.13,0.045,0.0275,0.0125,0.01,0.009000000000000001,3
F,0.58,0.46,0.12,0.9935,0.4625,0.2385,0.28,11
F,0.605,0.485,0.165,1.0105,0.435,0.209,0.3,19
I,0.555,0.46,0.145,0.9005,0.3845,0.158,0.2765,11
M,0.615,0.505,0.19,1.403,0.6715,0.2925,0.365,8
M,0.5,0.385,0.135,0.6425,0.3195,0.129,0.1535,7
M,0.67,0.525,0.18,1.4915,0.728,0.343,0.381,9
M,0.455,0.355,0.135,0.4745,0.1865,0.0935,0.168,13
F,0.64,0.5,0.17,1.2645,0.565,0.3375,0.315,9
M,0.37,0.285,0.1,0.228,0.0675,0.0675,0.081,10
M,0.605,0.47,0.115,1.114,0.3925,0.29100000000000004,0.31,15
F,0.42,0.32,0.13,0.4135,0.1645,0.106,0.119,10
I,0.425,0.325,0.11,0.405,0.1695,0.092,0.1065,8
F,0.595,0.465,0.15,1.0255,0.412,0.2745,0.289,11
M,0.625,0.495,0.175,1.254,0.5815,0.28600000000000003,0.3185,9
F,0.65,0.59,0.22,1.662,0.77,0.378,0.435,11
F,0.385,0.3,0.1,0.2725,0.1115,0.057,0.08,6
I,0.475,0.355,0.1,0.5035,0.2535,0.091,0.14,8
I,0.43,0.345,0.115,0.4295,0.212,0.108,0.109,8
I,0.385,0.295,0.085,0.2535,0.103,0.0575,0.085,7
M,0.7,0.58,0.205,2.13,0.7415,0.49,0.58,20
I,0.28,0.215,0.07,0.124,0.063,0.0215,0.03,6
I,0.505,0.38,0.135,0.5385,0.2645,0.095,0.165,9
I,0.475,0.35,0.11,0.4565,0.206,0.099,0.13,6
M,0.39,0.3,0.09,0.3055,0.14300000000000002,0.0645,0.085,9
F,0.41,0.32,0.115,0.387,0.165,0.1005,0.0985,11
F,0.605,0.485,0.16,1.0565,0.37,0.2355,0.355,10
I,0.45,0.335,0.11,0.4195,0.181,0.085,0.1345,7
M,0.545,0.43,0.155,0.8035,0.409,0.14400000000000002,0.228,7
F,0.565,0.46,0.15,0.8765,0.3455,0.1925,0.275,10
F,0.525,0.425,0.16,0.8355,0.3545,0.2135,0.245,9
M,0.505,0.39,0.105,0.6555,0.2595,0.18,0.19,11
M,0.635,0.495,0.195,1.172,0.445,0.3115,0.3475,11
I,0.495,0.38,0.12,0.512,0.233,0.1205,0.136,7
F,0.665,0.57,0.185,1.5219999999999998,0.6965,0.3025,0.405,13
I,0.195,0.15,0.045,0.0375,0.018000000000000002,0.006,0.011,3
I,0.53,0.405,0.13,0.6615,0.2945,0.1395,0.19,9
M,0.585,0.46,0.145,0.9335,0.478,0.1825,0.235,9
M,0.52,0.41,0.115,0.77,0.263,0.157,0.26,11
F,0.69,0.545,0.205,1.933,0.7855,0.429,0.498,13
I,0.455,0.36,0.115,0.457,0.2085,0.0855,0.147,10
M,0.255,0.18,0.065,0.079,0.034,0.014,0.025,5
I,0.575,0.44,0.15,0.983,0.486,0.215,0.239,8
F,0.555,0.455,0.18,0.958,0.29600000000000004,0.195,0.39,14
I,0.55,0.42,0.115,0.6679999999999999,0.2925,0.13699999999999998,0.209,11
I,0.47,0.355,0.18,0.48,0.2055,0.105,0.1505,8
M,0.655,0.515,0.16,1.31,0.5529999999999999,0.369,0.345,11
I,0.47,0.355,0.125,0.499,0.21,0.0985,0.155,8
I,0.415,0.325,0.1,0.4665,0.2285,0.1065,0.114,7
I,0.215,0.15,0.055,0.041,0.015,0.009000000000000001,0.0125,3
F,0.665,0.525,0.21,1.644,0.818,0.3395,0.4275,10
F,0.585,0.445,0.14,0.913,0.4305,0.2205,0.253,10
F,0.62,0.48,0.16,1.1125,0.5635,0.2445,0.281,8
M,0.64,0.505,0.165,1.4435,0.6145,0.3035,0.39,18
M,0.62,0.485,0.145,1.003,0.4655,0.2195,0.28,11
M,0.585,0.455,0.155,1.133,0.5515,0.223,0.305,12
I,0.51,0.375,0.1,0.5785,0.238,0.1225,0.175,7
M,0.685,0.55,0.19,1.885,0.89,0.41,0.4895,10
F,0.58,0.45,0.15,0.92,0.393,0.212,0.2895,9
F,0.64,0.525,0.175,1.382,0.6459999999999999,0.3115,0.37,9
I,0.4,0.295,0.095,0.252,0.1105,0.0575,0.066,6
M,0.675,0.51,0.17,1.527,0.809,0.318,0.341,11
F,0.47,0.365,0.12,0.5820000000000001,0.29,0.092,0.146,8
M,0.55,0.415,0.175,1.042,0.3295,0.2325,0.2905,15
M,0.415,0.315,0.12,0.4015,0.199,0.087,0.097,8
M,0.645,0.51,0.165,1.403,0.5755,0.2515,0.4545,11
I,0.405,0.3,0.09,0.2885,0.138,0.0635,0.0765,6
F,0.66,0.5,0.175,1.3275,0.556,0.2805,0.4085,9
F,0.595,0.435,0.15,0.9,0.4175,0.17,0.265,8
F,0.705,0.57,0.18,1.5345,0.96,0.4195,0.43,12
M,0.455,0.365,0.095,0.514,0.2245,0.101,0.15,15
M,0.645,0.51,0.155,1.539,0.6405,0.3585,0.43,11
M,0.625,0.48,0.17,1.3555,0.6709999999999999,0.268,0.3385,10
I,0.52,0.41,0.14,0.5995,0.242,0.1375,0.182,11
I,0.315,0.24,0.085,0.1715,0.071,0.0345,0.0535,7
I,0.5,0.38,0.135,0.594,0.2945,0.104,0.1565,9
M,0.55,0.41,0.125,0.7605,0.2505,0.1635,0.195,14
F,0.7,0.585,0.185,1.8075,0.7055,0.3215,0.475,29
I,0.525,0.395,0.12,0.608,0.297,0.1395,0.1405,8
M,0.625,0.47,0.15,1.124,0.556,0.2315,0.287,9
F,0.565,0.44,0.16,0.915,0.354,0.1935,0.32,12
F,0.53,0.455,0.165,0.9805,0.3155,0.2815,0.2965,11
F,0.48,0.39,0.125,0.6905,0.219,0.155,0.2,12
M,0.63,0.49,0.155,1.2525,0.63,0.246,0.289,9
F,0.605,0.48,0.14,0.991,0.4735,0.2345,0.24,8
F,0.65,0.545,0.23,1.7519999999999998,0.5605,0.2895,0.815,16
M,0.41,0.3,0.1,0.301,0.124,0.069,0.09,9
M,0.59,0.455,0.145,1.073,0.475,0.19,0.285,14
F,0.38,0.32,0.115,0.6475,0.32299999999999995,0.1325,0.16399999999999998,7
M,0.675,0.505,0.16,1.5319999999999998,0.74,0.35700000000000004,0.3815,11
M,0.525,0.415,0.16,0.6445,0.26,0.1575,0.22,12
I,0.61,0.465,0.15,0.9605,0.4495,0.1725,0.28600000000000003,9
M,0.62,0.49,0.15,1.195,0.4605,0.302,0.355,9
I,0.255,0.19,0.06,0.086,0.04,0.0185,0.025,5
I,0.54,0.43,0.17,0.836,0.3725,0.1815,0.24,9
F,0.545,0.385,0.15,1.1185,0.5425,0.2445,0.2845,9
I,0.625,0.485,0.15,1.044,0.438,0.2865,0.278,9
M,0.6,0.45,0.15,0.8665,0.3695,0.1955,0.255,12
M,0.555,0.45,0.145,0.915,0.4,0.246,0.285,11
M,0.575,0.445,0.16,0.8390000000000001,0.4005,0.198,0.239,9
M,0.58,0.445,0.16,0.984,0.49,0.201,0.27,9
I,0.52,0.415,0.16,0.595,0.2105,0.142,0.26,15
I,0.28,0.2,0.065,0.0895,0.036000000000000004,0.0185,0.03,7
F,0.58,0.475,0.155,0.974,0.4305,0.23,0.285,10
I,0.515,0.4,0.125,0.5625,0.25,0.1245,0.17,7
F,0.69,0.525,0.19,1.492,0.6425,0.3905,0.42,12
F,0.43,0.35,0.09,0.397,0.1575,0.08900000000000001,0.12,9
M,0.575,0.44,0.185,1.025,0.5075,0.2245,0.2485,10
M,0.62,0.475,0.195,1.3585,0.5935,0.3365,0.3745,10
M,0.5,0.42,0.135,0.6765,0.302,0.1415,0.2065,9
M,0.6,0.465,0.155,1.0165,0.512,0.2465,0.225,10
M,0.41,0.325,0.12,0.3745,0.158,0.081,0.125,12
F,0.6,0.465,0.155,1.04,0.4755,0.25,0.28,11
F,0.605,0.485,0.16,1.222,0.53,0.2575,0.28,13
M,0.7,0.555,0.2,1.858,0.73,0.3665,0.595,11
I,0.455,0.335,0.135,0.501,0.274,0.0995,0.1065,7
F,0.615,0.475,0.155,1.027,0.447,0.25,0.285,9
F,0.43,0.325,0.115,0.3865,0.1475,0.1065,0.11,11
M,0.63,0.47,0.15,1.1355,0.539,0.2325,0.3115,12
F,0.65,0.505,0.165,1.357,0.5725,0.281,0.43,11
I,0.53,0.395,0.115,0.475,0.2025,0.101,0.14800000000000002,8
M,0.585,0.45,0.15,0.997,0.4055,0.28300000000000003,0.251,11
F,0.49,0.38,0.155,0.578,0.2395,0.1255,0.18,9
M,0.68,0.52,0.175,1.543,0.7525,0.35100000000000003,0.374,11
F,0.545,0.445,0.15,0.8,0.3535,0.163,0.207,9
M,0.505,0.385,0.13,0.6435,0.3135,0.149,0.1515,7
F,0.49,0.37,0.14,0.585,0.243,0.115,0.195,10
I,0.555,0.43,0.125,0.7005,0.3395,0.1355,0.2095,8
M,0.69,0.54,0.185,1.6195,0.5329999999999999,0.353,0.555,24
F,0.695,0.55,0.16,1.6365,0.6940000000000001,0.3005,0.44,13
F,0.575,0.465,0.14,0.958,0.442,0.1815,0.2705,9
I,0.255,0.19,0.07,0.0815,0.028,0.016,0.031,5
I,0.445,0.35,0.13,0.4195,0.1695,0.0945,0.1195,7
M,0.55,0.435,0.16,0.906,0.342,0.219,0.295,13
M,0.455,0.355,0.13,0.515,0.2,0.1275,0.175,11
I,0.375,0.285,0.09,0.237,0.106,0.0395,0.08,8
F,0.58,0.44,0.125,0.7855,0.363,0.1955,0.195,11
M,0.7,0.55,0.195,1.6245,0.675,0.34700000000000003,0.535,13
I,0.29,0.21,0.07,0.1115,0.048,0.0205,0.03,5
M,0.47,0.375,0.12,0.5805,0.266,0.0935,0.16899999999999998,8
F,0.595,0.48,0.2,0.975,0.358,0.2035,0.34,15
M,0.33,0.235,0.09,0.163,0.0615,0.034,0.055,10
I,0.39,0.295,0.095,0.203,0.0875,0.045,0.075,7
M,0.58,0.46,0.18,1.145,0.48,0.277,0.325,11
M,0.72,0.545,0.195,1.7475,0.8215,0.383,0.4705,11
F,0.62,0.515,0.155,1.3255,0.6685,0.2605,0.335,12
M,0.605,0.475,0.175,1.2009999999999998,0.5395,0.275,0.309,10
F,0.595,0.43,0.21,1.5245,0.653,0.396,0.41,11
M,0.53,0.41,0.125,0.769,0.34600000000000003,0.173,0.215,9
I,0.625,0.47,0.155,1.1955,0.643,0.2055,0.3145,12
I,0.51,0.405,0.13,0.599,0.3065,0.1155,0.1485,8
F,0.695,0.55,0.185,1.679,0.805,0.4015,0.3965,10
M,0.565,0.43,0.13,0.784,0.3495,0.1885,0.213,9
F,0.58,0.46,0.175,1.165,0.65,0.2205,0.3055,9
F,0.705,0.56,0.205,2.381,0.9915,0.5005,0.624,10
F,0.605,0.485,0.165,1.0735,0.4370000000000001,0.205,0.33,14
M,0.65,0.485,0.14,1.175,0.475,0.2435,0.215,8
F,0.425,0.335,0.095,0.322,0.1205,0.061,0.125,10
I,0.315,0.245,0.085,0.1435,0.053,0.0475,0.05,8
F,0.63,0.485,0.185,1.167,0.5479999999999999,0.2485,0.34,10
M,0.425,0.305,0.11,0.359,0.173,0.0875,0.0975,9
M,0.6,0.45,0.16,1.142,0.539,0.225,0.307,10
F,0.575,0.48,0.15,0.897,0.4235,0.1905,0.248,8
M,0.595,0.475,0.14,1.0305,0.4925,0.217,0.278,10
I,0.405,0.3,0.11,0.32,0.172,0.044,0.093,7
F,0.585,0.455,0.165,0.998,0.345,0.2495,0.315,12
M,0.565,0.39,0.125,0.7440000000000001,0.35200000000000004,0.13,0.1685,11
I,0.255,0.185,0.065,0.07400000000000001,0.0305,0.0165,0.02,4
M,0.615,0.47,0.16,1.0175,0.473,0.2395,0.28,10
F,0.575,0.45,0.1,0.9315,0.431,0.222,0.235,12
M,0.385,0.305,0.09,0.2775,0.109,0.0515,0.1,9
M,0.69,0.55,0.18,1.6915,0.6655,0.402,0.5,11
F,0.6,0.475,0.15,1.0075,0.4425,0.221,0.28,15
M,0.52,0.4,0.145,0.7765,0.3525,0.1845,0.185,9
F,0.575,0.42,0.19,1.764,0.914,0.377,0.4095,10
M,0.63,0.515,0.155,1.259,0.4105,0.197,0.41,13
F,0.545,0.43,0.165,0.802,0.2935,0.183,0.28,11
I,0.54,0.425,0.13,0.7205,0.2955,0.16899999999999998,0.225,10
F,0.565,0.45,0.16,0.795,0.3605,0.1555,0.23,12
F,0.66,0.515,0.17,1.337,0.615,0.3125,0.3575,10
M,0.525,0.4,0.13,0.622,0.2655,0.147,0.184,9
I,0.41,0.3,0.1,0.282,0.1255,0.057,0.0875,7
F,0.645,0.49,0.16,1.1665,0.4935,0.3155,0.299,9
F,0.665,0.5,0.15,1.2475,0.4625,0.2955,0.3595,10
F,0.58,0.455,0.17,0.9075,0.374,0.2135,0.285,13
F,0.515,0.43,0.14,0.8340000000000001,0.3670000000000001,0.2,0.23,8
F,0.555,0.405,0.12,0.913,0.4585,0.196,0.2065,9
M,0.61,0.485,0.145,1.3305,0.7829999999999999,0.2255,0.2865,9
M,0.575,0.435,0.135,0.992,0.4320000000000001,0.2225,0.239,10
M,0.32,0.24,0.085,0.17,0.0655,0.047,0.049,7
F,0.45,0.38,0.165,0.8165,0.25,0.1915,0.265,23
I,0.225,0.17,0.07,0.0565,0.024,0.013,0.016,4
F,0.705,0.54,0.205,1.757,0.8265,0.417,0.461,9
F,0.575,0.46,0.165,1.124,0.2985,0.1785,0.44,13
F,0.655,0.51,0.16,1.092,0.396,0.2825,0.37,14
F,0.53,0.435,0.17,0.8155,0.2985,0.155,0.275,13
F,0.7,0.575,0.2,1.7365,0.7755,0.3965,0.461,11
M,0.595,0.48,0.165,1.262,0.4835,0.28300000000000003,0.41,17
I,0.39,0.31,0.1,0.302,0.116,0.064,0.115,11
F,0.49,0.38,0.125,0.5489999999999999,0.245,0.1075,0.174,10
M,0.52,0.425,0.155,0.7735,0.297,0.123,0.255,17
I,0.43,0.33,0.1,0.449,0.254,0.0825,0.097,6
M,0.625,0.475,0.175,1.3405,0.6559999999999999,0.28300000000000003,0.337,10
F,0.665,0.505,0.16,1.2915,0.631,0.2925,0.32,11
I,0.445,0.335,0.11,0.411,0.1985,0.0935,0.109,8
I,0.475,0.355,0.115,0.5195,0.279,0.08800000000000001,0.1325,7
F,0.49,0.375,0.135,0.6125,0.2555,0.102,0.22,11
M,0.645,0.5,0.195,1.401,0.6165,0.3515,0.3725,10
M,0.55,0.45,0.13,0.92,0.378,0.2385,0.29,11
I,0.385,0.305,0.095,0.252,0.0915,0.055,0.09,14
I,0.55,0.405,0.15,0.6755,0.3015,0.1465,0.21,10
F,0.645,0.5,0.17,1.1845,0.4805,0.274,0.355,13
F,0.445,0.33,0.105,0.4525,0.18,0.103,0.123,9
I,0.25,0.18,0.06,0.073,0.028,0.017,0.0225,5
F,0.655,0.52,0.19,1.4545,0.6,0.3865,0.383,10
M,0.605,0.47,0.16,1.1735,0.4975,0.2405,0.345,12
M,0.615,0.48,0.19,1.36,0.5305,0.2375,0.47,18
I,0.45,0.36,0.125,0.45,0.191,0.0865,0.145,12
F,0.6,0.475,0.155,1.21,0.653,0.1695,0.3205,10
M,0.57,0.45,0.16,0.8615,0.3725,0.2175,0.255,12
M,0.675,0.525,0.185,1.587,0.6935,0.336,0.395,13
I,0.515,0.36,0.125,0.4725,0.1815,0.125,0.138,9
I,0.56,0.44,0.14,0.825,0.402,0.139,0.245,10
M,0.38,0.235,0.1,0.258,0.1055,0.054000000000000006,0.08,7
I,0.62,0.45,0.135,0.924,0.358,0.2265,0.2965,10
F,0.565,0.45,0.175,1.0095,0.447,0.2375,0.2645,9
I,0.48,0.35,0.135,0.5465,0.2735,0.0995,0.158,8
M,0.765,0.6,0.22,2.302,1.007,0.509,0.6205,12
M,0.615,0.45,0.15,1.198,0.7070000000000001,0.2095,0.2505,7
I,0.535,0.455,0.14,1.0015,0.53,0.1765,0.244,9
I,0.475,0.36,0.145,0.6325,0.2825,0.13699999999999998,0.19,8
M,0.515,0.425,0.145,0.9365,0.4970000000000001,0.181,0.2185,8
M,0.56,0.45,0.14,0.9,0.472,0.182,0.218,7
I,0.31,0.24,0.09,0.1455,0.0605,0.0315,0.045,7
F,0.63,0.505,0.165,1.065,0.4595,0.21600000000000005,0.315,12
I,0.55,0.42,0.13,0.636,0.294,0.14400000000000002,0.1755,8
I,0.595,0.43,0.165,0.9845,0.4525,0.207,0.2725,8
F,0.47,0.36,0.1,0.4705,0.1635,0.08900000000000001,0.1385,8
F,0.645,0.505,0.165,1.318,0.55,0.3015,0.335,11
M,0.69,0.53,0.19,1.5955,0.6779999999999999,0.331,0.48,10
I,0.475,0.365,0.115,0.499,0.232,0.0885,0.156,10
F,0.485,0.365,0.14,0.6195,0.2595,0.1445,0.177,14
I,0.515,0.4,0.125,0.5925,0.265,0.1175,0.168,9
M,0.54,0.455,0.14,0.972,0.419,0.255,0.269,10
M,0.67,0.505,0.16,1.2585,0.6255,0.311,0.308,12
I,0.43,0.34,0.12,0.3575,0.151,0.0645,0.1045,9
M,0.665,0.515,0.2,1.2695,0.5115,0.2675,0.436,12
I,0.37,0.29,0.08,0.2545,0.108,0.0565,0.07,6
I,0.36,0.275,0.085,0.1975,0.0745,0.0415,0.07,9
I,0.46,0.365,0.115,0.511,0.2365,0.118,0.123,7
M,0.27,0.195,0.08,0.1,0.0385,0.0195,0.03,6
M,0.565,0.44,0.175,0.9025,0.31,0.193,0.325,14
M,0.64,0.52,0.2,1.4069999999999998,0.5660000000000001,0.304,0.455,17
F,0.645,0.48,0.17,1.1345,0.528,0.254,0.305,10
F,0.47,0.36,0.11,0.4965,0.237,0.127,0.13,6
F,0.51,0.39,0.135,0.6335,0.231,0.179,0.2,9
F,0.65,0.525,0.165,1.238,0.647,0.2485,0.3005,9
M,0.425,0.325,0.12,0.3755,0.142,0.1065,0.105,9
M,0.595,0.47,0.165,1.108,0.4915,0.2325,0.3345,9
M,0.44,0.335,0.11,0.394,0.157,0.096,0.122,9
F,0.59,0.455,0.145,1.063,0.5155,0.2445,0.25,8
