1.000000000000000000e+00,2.000000000000000000e+00,9.000000000000000000e+00,4.000000000000000000e+00,9.290000000000000568e+01,1.370000000000000000e+02,7.063999999999999773e+02,9.199999999999999289e+00,2.150000000000000000e+01,1.500000000000000000e+01,9.000000000000000222e-01,0.000000000000000000e+00,0.000000000000000000e+00
2.000000000000000000e+00,5.000000000000000000e+00,7.000000000000000000e+00,6.000000000000000000e+00,9.159999999999999432e+01,1.042000000000000028e+02,4.748999999999999773e+02,9.000000000000000000e+00,1.869999999999999929e+01,5.300000000000000000e+01,1.800000000000000044e+00,0.000000000000000000e+00,0.000000000000000000e+00
8.000000000000000000e+00,6.000000000000000000e+00,8.000000000000000000e+00,7.000000000000000000e+00,9.020000000000000284e+01,9.959999999999999432e+01,6.312000000000000455e+02,6.299999999999999822e+00,1.619999999999999929e+01,5.900000000000000000e+01,3.100000000000000089e+00,0.000000000000000000e+00,3.207000000000000028e+01
4.000000000000000000e+00,4.000000000000000000e+00,1.200000000000000000e+01,1.000000000000000000e+00,8.540000000000000568e+01,2.539999999999999858e+01,3.496999999999999886e+02,2.600000000000000089e+00,4.599999999999999645e+00,2.100000000000000000e+01,8.500000000000000000e+00,0.000000000000000000e+00,2.203000000000000114e+01
5.000000000000000000e+00,4.000000000000000000e+00,9.000000000000000000e+00,4.000000000000000000e+00,9.279999999999999716e+01,1.190000000000000000e+02,7.835000000000000000e+02,7.500000000000000000e+00,2.160000000000000142e+01,2.800000000000000000e+01,6.299999999999999822e+00,0.000000000000000000e+00,4.410000000000000142e+00
4.000000000000000000e+00,4.000000000000000000e+00,8.000000000000000000e+00,4.000000000000000000e+00,9.579999999999999716e+01,1.520000000000000000e+02,6.241000000000000227e+02,1.380000000000000071e+01,3.239999999999999858e+01,2.100000000000000000e+01,4.500000000000000000e+00,0.000000000000000000e+00,0.000000000000000000e+00
4.000000000000000000e+00,4.000000000000000000e+00,3.000000000000000000e+00,2.000000000000000000e+00,8.809999999999999432e+01,2.569999999999999929e+01,6.759999999999999432e+01,3.799999999999999822e+00,1.409999999999999964e+01,4.300000000000000000e+01,2.700000000000000178e+00,0.000000000000000000e+00,0.000000000000000000e+00
6.000000000000000000e+00,5.000000000000000000e+00,9.000000000000000000e+00,4.000000000000000000e+00,9.279999999999999716e+01,1.190000000000000000e+02,7.835000000000000000e+02,7.500000000000000000e+00,2.160000000000000142e+01,2.700000000000000000e+01,2.200000000000000178e+00,0.000000000000000000e+00,0.000000000000000000e+00
2.000000000000000000e+00,4.000000000000000000e+00,8.000000000000000000e+00,1.000000000000000000e+00,9.359999999999999432e+01,9.790000000000000568e+01,5.420000000000000000e+02,1.440000000000000036e+01,2.830000000000000071e+01,3.200000000000000000e+01,4.000000000000000000e+00,0.000000000000000000e+00,8.849999999999999645e+00
4.000000000000000000e+00,4.000000000000000000e+00,3.000000000000000000e+00,1.000000000000000000e+00,8.759999999999999432e+01,5.220000000000000284e+01,1.037999999999999972e+02,5.000000000000000000e+00,1.100000000000000000e+01,4.600000000000000000e+01,5.799999999999999822e+00,0.000000000000000000e+00,0.000000000000000000e+00
3.000000000000000000e+00,4.000000000000000000e+00,8.000000000000000000e+00,2.000000000000000000e+00,8.879999999999999716e+01,1.473000000000000114e+02,6.145000000000000000e+02,9.000000000000000000e+00,1.440000000000000036e+01,6.600000000000000000e+01,5.400000000000000355e+00,0.000000000000000000e+00,0.000000000000000000e+00
1.000000000000000000e+00,4.000000000000000000e+00,8.000000000000000000e+00,5.000000000000000000e+00,9.050000000000000000e+01,1.968000000000000114e+02,6.498999999999999773e+02,1.630000000000000071e+01,1.180000000000000071e+01,8.800000000000000000e+01,4.900000000000000355e+00,0.000000000000000000e+00,9.710000000000000853e+00
3.000000000000000000e+00,4.000000000000000000e+00,8.000000000000000000e+00,7.000000000000000000e+00,9.140000000000000568e+01,1.424000000000000057e+02,6.013999999999999773e+02,1.059999999999999964e+01,1.159999999999999964e+01,8.700000000000000000e+01,4.500000000000000000e+00,0.000000000000000000e+00,0.000000000000000000e+00
2.000000000000000000e+00,4.000000000000000000e+00,8.000000000000000000e+00,2.000000000000000000e+00,9.479999999999999716e+01,1.082999999999999972e+02,6.471000000000000227e+02,1.700000000000000000e+01,2.010000000000000142e+01,4.000000000000000000e+01,4.000000000000000000e+00,0.000000000000000000e+00,0.000000000000000000e+00
3.000000000000000000e+00,4.000000000000000000e+00,9.000000000000000000e+00,4.000000000000000000e+00,9.109999999999999432e+01,8.820000000000000284e+01,7.317000000000000455e+02,8.300000000000000711e+00,2.280000000000000071e+01,4.600000000000000000e+01,4.000000000000000000e+00,0.000000000000000000e+00,4.950000000000000178e+00
2.000000000000000000e+00,2.000000000000000000e+00,8.000000000000000000e+00,6.000000000000000000e+00,9.350000000000000000e+01,1.394000000000000057e+02,5.942000000000000455e+02,2.030000000000000071e+01,2.289999999999999858e+01,3.100000000000000000e+01,7.200000000000000178e+00,0.000000000000000000e+00,1.544999999999999929e+01
4.000000000000000000e+00,4.000000000000000000e+00,3.000000000000000000e+00,6.000000000000000000e+00,9.170000000000000284e+01,3.579999999999999716e+01,8.079999999999999716e+01,7.799999999999999822e+00,1.700000000000000000e+01,2.700000000000000000e+01,4.900000000000000355e+00,0.000000000000000000e+00,2.866000000000000014e+01
4.000000000000000000e+00,4.000000000000000000e+00,8.000000000000000000e+00,2.000000000000000000e+00,9.609999999999999432e+01,1.810999999999999943e+02,6.712000000000000455e+02,1.430000000000000071e+01,2.069999999999999929e+01,6.900000000000000000e+01,4.900000000000000355e+00,4.000000000000000222e-01,0.000000000000000000e+00
6.000000000000000000e+00,4.000000000000000000e+00,3.000000000000000000e+00,6.000000000000000000e+00,9.079999999999999716e+01,4.189999999999999858e+01,8.940000000000000568e+01,7.900000000000000355e+00,1.330000000000000071e+01,4.200000000000000000e+01,9.000000000000000222e-01,0.000000000000000000e+00,7.400000000000000355e+00
7.000000000000000000e+00,4.000000000000000000e+00,2.000000000000000000e+00,7.000000000000000000e+00,8.390000000000000568e+01,8.699999999999999289e+00,3.210000000000000142e+01,2.100000000000000089e+00,8.800000000000000711e+00,6.800000000000000000e+01,2.200000000000000178e+00,0.000000000000000000e+00,1.305000000000000071e+01
4.000000000000000000e+00,5.000000000000000000e+00,9.000000000000000000e+00,6.000000000000000000e+00,9.250000000000000000e+01,1.210999999999999943e+02,6.743999999999999773e+02,8.599999999999999645e+00,1.769999999999999929e+01,2.500000000000000000e+01,3.100000000000000089e+00,0.000000000000000000e+00,1.548799999999999955e+02
8.000000000000000000e+00,6.000000000000000000e+00,8.000000000000000000e+00,3.000000000000000000e+00,9.309999999999999432e+01,1.573000000000000114e+02,6.667000000000000455e+02,1.350000000000000000e+01,2.869999999999999929e+01,2.800000000000000000e+01,2.700000000000000178e+00,0.000000000000000000e+00,0.000000000000000000e+00
8.000000000000000000e+00,6.000000000000000000e+00,8.000000000000000000e+00,6.000000000000000000e+00,9.370000000000000284e+01,2.310999999999999943e+02,7.151000000000000227e+02,8.400000000000000355e+00,1.889999999999999858e+01,6.400000000000000000e+01,4.900000000000000355e+00,0.000000000000000000e+00,3.319999999999999840e+00
7.000000000000000000e+00,4.000000000000000000e+00,8.000000000000000000e+00,7.000000000000000000e+00,8.159999999999999432e+01,5.670000000000000284e+01,6.656000000000000227e+02,1.899999999999999911e+00,2.119999999999999929e+01,7.000000000000000000e+01,6.700000000000000178e+00,0.000000000000000000e+00,1.116000000000000014e+01
5.000000000000000000e+00,4.000000000000000000e+00,2.000000000000000000e+00,5.000000000000000000e+00,8.520000000000000284e+01,4.900000000000000355e+00,1.580000000000000071e+01,6.299999999999999822e+00,7.500000000000000000e+00,4.600000000000000000e+01,8.000000000000000000e+00,0.000000000000000000e+00,2.423999999999999844e+01
4.000000000000000000e+00,3.000000000000000000e+00,9.000000000000000000e+00,5.000000000000000000e+00,9.029999999999999716e+01,2.900000000000000000e+02,8.552999999999999545e+02,7.400000000000000355e+00,1.989999999999999858e+01,4.400000000000000000e+01,3.100000000000000089e+00,0.000000000000000000e+00,7.799999999999999822e+00
4.000000000000000000e+00,5.000000000000000000e+00,8.000000000000000000e+00,7.000000000000000000e+00,9.020000000000000284e+01,9.959999999999999432e+01,6.312000000000000455e+02,6.299999999999999822e+00,2.139999999999999858e+01,3.300000000000000000e+01,3.100000000000000089e+00,0.000000000000000000e+00,0.000000000000000000e+00
7.000000000000000000e+00,5.000000000000000000e+00,8.000000000000000000e+00,2.000000000000000000e+00,9.609999999999999432e+01,1.810999999999999943e+02,6.712000000000000455e+02,1.430000000000000071e+01,2.730000000000000071e+01,6.300000000000000000e+01,4.900000000000000355e+00,6.400000000000000355e+00,1.082000000000000028e+01
1.000000000000000000e+00,4.000000000000000000e+00,9.000000000000000000e+00,2.000000000000000000e+00,9.100000000000000000e+01,1.295000000000000000e+02,6.926000000000000227e+02,7.000000000000000000e+00,2.169999999999999929e+01,3.800000000000000000e+01,2.200000000000000178e+00,0.000000000000000000e+00,4.299999999999999933e-01
2.000000000000000000e+00,4.000000000000000000e+00,8.000000000000000000e+00,5.000000000000000000e+00,9.159999999999999432e+01,1.124000000000000057e+02,5.730000000000000000e+02,8.900000000000000355e+00,2.139999999999999858e+01,4.200000000000000000e+01,3.100000000000000089e+00,0.000000000000000000e+00,4.250000000000000000e+00
5.000000000000000000e+00,6.000000000000000000e+00,3.000000000000000000e+00,6.000000000000000000e+00,9.059999999999999432e+01,5.010000000000000142e+01,1.004000000000000057e+02,7.799999999999999822e+00,1.509999999999999964e+01,6.400000000000000000e+01,4.000000000000000000e+00,0.000000000000000000e+00,1.399000000000000021e+01
2.000000000000000000e+00,5.000000000000000000e+00,8.000000000000000000e+00,7.000000000000000000e+00,9.490000000000000568e+01,1.303000000000000114e+02,5.871000000000000227e+02,1.409999999999999964e+01,3.310000000000000142e+01,2.500000000000000000e+01,4.000000000000000000e+00,0.000000000000000000e+00,2.642999999999999972e+01
3.000000000000000000e+00,4.000000000000000000e+00,8.000000000000000000e+00,7.000000000000000000e+00,9.179999999999999716e+01,1.750999999999999943e+02,7.007000000000000455e+02,1.380000000000000071e+01,2.680000000000000071e+01,3.800000000000000000e+01,6.299999999999999822e+00,0.000000000000000000e+00,7.600000000000000089e-01
6.000000000000000000e+00,5.000000000000000000e+00,8.000000000000000000e+00,5.000000000000000000e+00,9.100000000000000000e+01,1.669000000000000057e+02,7.526000000000000227e+02,7.099999999999999645e+00,1.819999999999999929e+01,6.200000000000000000e+01,5.400000000000000355e+00,0.000000000000000000e+00,4.299999999999999933e-01
2.000000000000000000e+00,2.000000000000000000e+00,8.000000000000000000e+00,4.000000000000000000e+00,9.300000000000000000e+01,7.529999999999999716e+01,4.666000000000000227e+02,7.700000000000000178e+00,1.880000000000000071e+01,3.500000000000000000e+01,4.900000000000000355e+00,0.000000000000000000e+00,0.000000000000000000e+00
4.000000000000000000e+00,3.000000000000000000e+00,8.000000000000000000e+00,4.000000000000000000e+00,9.170000000000000284e+01,1.142999999999999972e+02,6.612999999999999545e+02,6.299999999999999822e+00,1.760000000000000142e+01,4.500000000000000000e+01,3.600000000000000089e+00,0.000000000000000000e+00,0.000000000000000000e+00
7.000000000000000000e+00,4.000000000000000000e+00,8.000000000000000000e+00,7.000000000000000000e+00,9.479999999999999716e+01,1.082999999999999972e+02,6.471000000000000227e+02,1.700000000000000000e+01,1.639999999999999858e+01,4.700000000000000000e+01,1.300000000000000044e+00,0.000000000000000000e+00,1.560000000000000053e+00
2.000000000000000000e+00,4.000000000000000000e+00,9.000000000000000000e+00,1.000000000000000000e+00,6.350000000000000000e+01,7.079999999999999716e+01,6.652999999999999545e+02,8.000000000000000444e-01,2.260000000000000142e+01,3.800000000000000000e+01,3.600000000000000089e+00,0.000000000000000000e+00,1.132000000000000028e+01
7.000000000000000000e+00,5.000000000000000000e+00,9.000000000000000000e+00,6.000000000000000000e+00,9.279999999999999716e+01,7.320000000000000284e+01,7.130000000000000000e+02,2.260000000000000142e+01,1.930000000000000071e+01,3.800000000000000000e+01,4.000000000000000000e+00,0.000000000000000000e+00,0.000000000000000000e+00
8.000000000000000000e+00,6.000000000000000000e+00,8.000000000000000000e+00,6.000000000000000000e+00,9.370000000000000284e+01,2.310999999999999943e+02,7.151000000000000227e+02,8.400000000000000355e+00,2.689999999999999858e+01,3.100000000000000000e+01,3.600000000000000089e+00,0.000000000000000000e+00,4.959999999999999964e+00
6.000000000000000000e+00,5.000000000000000000e+00,6.000000000000000000e+00,1.000000000000000000e+00,9.040000000000000568e+01,9.329999999999999716e+01,2.981000000000000227e+02,7.500000000000000000e+00,2.069999999999999929e+01,2.500000000000000000e+01,4.900000000000000355e+00,0.000000000000000000e+00,0.000000000000000000e+00
8.000000000000000000e+00,6.000000000000000000e+00,8.000000000000000000e+00,1.000000000000000000e+00,9.109999999999999432e+01,1.032000000000000028e+02,6.387999999999999545e+02,5.799999999999999822e+00,2.339999999999999858e+01,2.200000000000000000e+01,2.700000000000000178e+00,0.000000000000000000e+00,0.000000000000000000e+00
8.000000000000000000e+00,6.000000000000000000e+00,8.000000000000000000e+00,1.000000000000000000e+00,9.229999999999999716e+01,8.890000000000000568e+01,4.956000000000000227e+02,8.500000000000000000e+00,2.410000000000000142e+01,2.700000000000000000e+01,3.100000000000000089e+00,0.000000000000000000e+00,0.000000000000000000e+00
7.000000000000000000e+00,4.000000000000000000e+00,8.000000000000000000e+00,1.000000000000000000e+00,9.150000000000000000e+01,2.381999999999999886e+02,7.306000000000000227e+02,7.500000000000000000e+00,1.769999999999999929e+01,6.500000000000000000e+01,4.000000000000000000e+00,0.000000000000000000e+00,0.000000000000000000e+00
8.000000000000000000e+00,3.000000000000000000e+00,9.000000000000000000e+00,2.000000000000000000e+00,8.440000000000000568e+01,7.340000000000000568e+01,6.718999999999999773e+02,3.200000000000000178e+00,2.419999999999999929e+01,2.800000000000000000e+01,3.600000000000000089e+00,0.000000000000000000e+00,9.599999999999999645e-01
2.000000000000000000e+00,2.000000000000000000e+00,9.000000000000000000e+00,5.000000000000000000e+00,9.240000000000000568e+01,1.179000000000000057e+02,6.680000000000000000e+02,1.219999999999999929e+01,1.960000000000000142e+01,3.300000000000000000e+01,6.299999999999999822e+00,0.000000000000000000e+00,0.000000000000000000e+00
1.000000000000000000e+00,2.000000000000000000e+00,8.000000000000000000e+00,2.000000000000000000e+00,9.479999999999999716e+01,1.082999999999999972e+02,6.471000000000000227e+02,1.700000000000000000e+01,1.860000000000000142e+01,5.100000000000000000e+01,4.500000000000000000e+00,0.000000000000000000e+00,0.000000000000000000e+00
5.000000000000000000e+00,4.000000000000000000e+00,9.000000000000000000e+00,3.000000000000000000e+00,9.290000000000000568e+01,1.333000000000000114e+02,6.996000000000000227e+02,9.199999999999999289e+00,2.189999999999999858e+01,3.500000000000000000e+01,1.800000000000000044e+00,0.000000000000000000e+00,2.569999999999999840e+00
4.000000000000000000e+00,4.000000000000000000e+00,9.000000000000000000e+00,6.000000000000000000e+00,9.120000000000000284e+01,1.244000000000000057e+02,7.952999999999999545e+02,8.500000000000000000e+00,1.710000000000000142e+01,4.100000000000000000e+01,2.200000000000000178e+00,0.000000000000000000e+00,1.122000000000000064e+01
7.000000000000000000e+00,4.000000000000000000e+00,8.000000000000000000e+00,6.000000000000000000e+00,9.179999999999999716e+01,1.709000000000000057e+02,6.922999999999999545e+02,1.369999999999999929e+01,2.369999999999999929e+01,4.000000000000000000e+01,1.800000000000000044e+00,0.000000000000000000e+00,1.379999999999999893e+00
2.000000000000000000e+00,5.000000000000000000e+00,7.000000000000000000e+00,7.000000000000000000e+00,9.390000000000000568e+01,1.696999999999999886e+02,4.118000000000000114e+02,1.230000000000000071e+01,2.339999999999999858e+01,4.000000000000000000e+01,6.299999999999999822e+00,0.000000000000000000e+00,0.000000000000000000e+00
7.000000000000000000e+00,4.000000000000000000e+00,1.000000000000000000e+01,5.000000000000000000e+00,9.000000000000000000e+01,4.150000000000000000e+01,6.826000000000000227e+02,8.699999999999999289e+00,1.130000000000000071e+01,6.000000000000000000e+01,5.400000000000000355e+00,0.000000000000000000e+00,0.000000000000000000e+00
8.000000000000000000e+00,6.000000000000000000e+00,8.000000000000000000e+00,1.000000000000000000e+00,9.209999999999999432e+01,2.070000000000000000e+02,6.726000000000000227e+02,8.199999999999999289e+00,2.550000000000000000e+01,2.900000000000000000e+01,1.800000000000000044e+00,0.000000000000000000e+00,1.229999999999999982e+00
8.000000000000000000e+00,6.000000000000000000e+00,1.000000000000000000e+01,1.000000000000000000e+00,8.490000000000000568e+01,3.279999999999999716e+01,6.642000000000000455e+02,3.000000000000000000e+00,1.910000000000000142e+01,3.200000000000000000e+01,4.000000000000000000e+00,0.000000000000000000e+00,5.440000000000000391e+00
4.000000000000000000e+00,5.000000000000000000e+00,3.000000000000000000e+00,5.000000000000000000e+00,8.590000000000000568e+01,1.950000000000000000e+01,5.729999999999999716e+01,2.799999999999999822e+00,1.269999999999999929e+01,5.200000000000000000e+01,6.299999999999999822e+00,0.000000000000000000e+00,0.000000000000000000e+00
2.000000000000000000e+00,3.000000000000000000e+00,9.000000000000000000e+00,1.000000000000000000e+00,9.159999999999999432e+01,1.084000000000000057e+02,7.640000000000000000e+02,6.200000000000000178e+00,1.800000000000000000e+01,5.100000000000000000e+01,5.400000000000000355e+00,0.000000000000000000e+00,0.000000000000000000e+00
1.000000000000000000e+00,3.000000000000000000e+00,3.000000000000000000e+00,1.000000000000000000e+00,8.759999999999999432e+01,5.220000000000000284e+01,1.037999999999999972e+02,5.000000000000000000e+00,8.300000000000000711e+00,7.200000000000000000e+01,3.100000000000000089e+00,0.000000000000000000e+00,0.000000000000000000e+00
5.000000000000000000e+00,4.000000000000000000e+00,9.000000000000000000e+00,5.000000000000000000e+00,9.209999999999999432e+01,9.900000000000000000e+01,7.452999999999999545e+02,9.599999999999999645e+00,1.280000000000000071e+01,6.400000000000000000e+01,3.600000000000000089e+00,0.000000000000000000e+00,1.639999999999999902e+00
6.000000000000000000e+00,3.000000000000000000e+00,9.000000000000000000e+00,7.000000000000000000e+00,9.170000000000000284e+01,7.559999999999999432e+01,7.182999999999999545e+02,7.799999999999999822e+00,1.769999999999999929e+01,3.900000000000000000e+01,3.600000000000000089e+00,0.000000000000000000e+00,0.000000000000000000e+00
8.000000000000000000e+00,6.000000000000000000e+00,8.000000000000000000e+00,2.000000000000000000e+00,9.609999999999999432e+01,1.810999999999999943e+02,6.712000000000000455e+02,1.430000000000000071e+01,2.160000000000000142e+01,6.500000000000000000e+01,4.900000000000000355e+00,8.000000000000000444e-01,0.000000000000000000e+00
4.000000000000000000e+00,5.000000000000000000e+00,8.000000000000000000e+00,3.000000000000000000e+00,9.520000000000000284e+01,2.176999999999999886e+02,6.900000000000000000e+02,1.800000000000000000e+01,2.339999999999999858e+01,4.900000000000000000e+01,5.400000000000000355e+00,0.000000000000000000e+00,6.429999999999999716e+00
3.000000000000000000e+00,4.000000000000000000e+00,8.000000000000000000e+00,7.000000000000000000e+00,9.140000000000000568e+01,1.424000000000000057e+02,6.013999999999999773e+02,1.059999999999999964e+01,1.980000000000000071e+01,3.900000000000000000e+01,5.400000000000000355e+00,0.000000000000000000e+00,0.000000000000000000e+00
4.000000000000000000e+00,3.000000000000000000e+00,7.000000000000000000e+00,4.000000000000000000e+00,9.350000000000000000e+01,8.529999999999999716e+01,3.950000000000000000e+02,9.900000000000000355e+00,2.719999999999999929e+01,2.800000000000000000e+01,1.300000000000000044e+00,0.000000000000000000e+00,1.760000000000000009e+00
2.000000000000000000e+00,4.000000000000000000e+00,8.000000000000000000e+00,3.000000000000000000e+00,9.220000000000000284e+01,9.159999999999999432e+01,5.036000000000000227e+02,9.599999999999999645e+00,2.069999999999999929e+01,7.000000000000000000e+01,2.200000000000000178e+00,0.000000000000000000e+00,7.500000000000000000e-01
1.000000000000000000e+00,4.000000000000000000e+00,9.000000000000000000e+00,7.000000000000000000e+00,8.959999999999999432e+01,8.409999999999999432e+01,7.142999999999999545e+02,5.700000000000000178e+00,1.900000000000000000e+01,5.200000000000000000e+01,2.200000000000000178e+00,0.000000000000000000e+00,0.000000000000000000e+00
6.000000000000000000e+00,5.000000000000000000e+00,9.000000000000000000e+00,5.000000000000000000e+00,9.240000000000000568e+01,1.179000000000000057e+02,6.680000000000000000e+02,1.219999999999999929e+01,1.960000000000000142e+01,3.300000000000000000e+01,6.299999999999999822e+00,0.000000000000000000e+00,1.923000000000000043e+01
6.000000000000000000e+00,5.000000000000000000e+00,8.000000000000000000e+00,2.000000000000000000e+00,9.609999999999999432e+01,1.810999999999999943e+02,6.712000000000000455e+02,1.430000000000000071e+01,3.329999999999999716e+01,2.600000000000000000e+01,2.700000000000000178e+00,0.000000000000000000e+00,4.053999999999999915e+01
6.000000000000000000e+00,5.000000000000000000e+00,4.000000000000000000e+00,4.000000000000000000e+00,8.150000000000000000e+01,9.099999999999999645e+00,5.520000000000000284e+01,2.700000000000000178e+00,5.799999999999999822e+00,5.400000000000000000e+01,5.799999999999999822e+00,0.000000000000000000e+00,1.092999999999999972e+01
2.000000000000000000e+00,4.000000000000000000e+00,9.000000000000000000e+00,6.000000000000000000e+00,9.250000000000000000e+01,1.210999999999999943e+02,6.743999999999999773e+02,8.599999999999999645e+00,2.410000000000000142e+01,2.900000000000000000e+01,4.500000000000000000e+00,0.000000000000000000e+00,0.000000000000000000e+00
3.000000000000000000e+00,5.000000000000000000e+00,9.000000000000000000e+00,4.000000000000000000e+00,9.070000000000000284e+01,1.369000000000000057e+02,8.227999999999999545e+02,6.799999999999999822e+00,1.290000000000000036e+01,3.900000000000000000e+01,2.700000000000000178e+00,0.000000000000000000e+00,2.180000000000000160e+00
4.000000000000000000e+00,3.000000000000000000e+00,9.000000000000000000e+00,5.000000000000000000e+00,9.250000000000000000e+01,1.220000000000000000e+02,7.897000000000000455e+02,1.019999999999999929e+01,1.730000000000000071e+01,4.500000000000000000e+01,4.000000000000000000e+00,0.000000000000000000e+00,3.939999999999999947e+00
6.000000000000000000e+00,3.000000000000000000e+00,9.000000000000000000e+00,1.000000000000000000e+00,9.150000000000000000e+01,1.300999999999999943e+02,8.071000000000000227e+02,7.500000000000000000e+00,2.060000000000000142e+01,3.700000000000000000e+01,1.800000000000000044e+00,0.000000000000000000e+00,0.000000000000000000e+00
7.000000000000000000e+00,3.000000000000000000e+00,3.000000000000000000e+00,1.000000000000000000e+00,8.759999999999999432e+01,5.220000000000000284e+01,1.037999999999999972e+02,5.000000000000000000e+00,1.100000000000000000e+01,4.600000000000000000e+01,5.799999999999999822e+00,0.000000000000000000e+00,2.735000000000000142e+01
1.000000000000000000e+00,2.000000000000000000e+00,8.000000000000000000e+00,7.000000000000000000e+00,9.140000000000000568e+01,1.424000000000000057e+02,6.013999999999999773e+02,1.059999999999999964e+01,1.950000000000000000e+01,3.900000000000000000e+01,6.299999999999999822e+00,0.000000000000000000e+00,0.000000000000000000e+00
7.000000000000000000e+00,5.000000000000000000e+00,1.000000000000000000e+01,1.000000000000000000e+00,9.170000000000000284e+01,4.850000000000000000e+01,6.961000000000000227e+02,1.109999999999999964e+01,1.610000000000000142e+01,4.400000000000000000e+01,4.000000000000000000e+00,0.000000000000000000e+00,4.936999999999999744e+01
6.000000000000000000e+00,5.000000000000000000e+00,6.000000000000000000e+00,6.000000000000000000e+00,5.339999999999999858e+01,7.100000000000000000e+01,2.338000000000000114e+02,4.000000000000000222e-01,1.059999999999999964e+01,9.000000000000000000e+01,2.700000000000000178e+00,0.000000000000000000e+00,0.000000000000000000e+00
4.000000000000000000e+00,3.000000000000000000e+00,1.000000000000000000e+01,7.000000000000000000e+00,9.259999999999999432e+01,4.650000000000000000e+01,6.917999999999999545e+02,8.800000000000000711e+00,1.380000000000000071e+01,5.000000000000000000e+01,2.700000000000000178e+00,0.000000000000000000e+00,0.000000000000000000e+00
1.000000000000000000e+00,4.000000000000000000e+00,9.000000000000000000e+00,1.000000000000000000e+00,9.150000000000000000e+01,1.300999999999999943e+02,8.071000000000000227e+02,7.500000000000000000e+00,2.130000000000000071e+01,3.500000000000000000e+01,2.200000000000000178e+00,0.000000000000000000e+00,2.819000000000000128e+01
3.000000000000000000e+00,4.000000000000000000e+00,3.000000000000000000e+00,5.000000000000000000e+00,9.170000000000000284e+01,3.329999999999999716e+01,7.750000000000000000e+01,9.000000000000000000e+00,1.880000000000000071e+01,1.800000000000000000e+01,4.500000000000000000e+00,0.000000000000000000e+00,0.000000000000000000e+00
4.000000000000000000e+00,5.000000000000000000e+00,9.000000000000000000e+00,4.000000000000000000e+00,9.290000000000000568e+01,1.370000000000000000e+02,7.063999999999999773e+02,9.199999999999999289e+00,2.150000000000000000e+01,1.500000000000000000e+01,9.000000000000000222e-01,0.000000000000000000e+00,1.106000000000000050e+01
6.000000000000000000e+00,5.000000000000000000e+00,9.000000000000000000e+00,4.000000000000000000e+00,8.809999999999999432e+01,5.329999999999999716e+01,7.268999999999999773e+02,5.400000000000000355e+00,1.369999999999999929e+01,5.600000000000000000e+01,1.800000000000000044e+00,0.000000000000000000e+00,4.419999999999999929e+00
2.000000000000000000e+00,5.000000000000000000e+00,8.000000000000000000e+00,7.000000000000000000e+00,9.159999999999999432e+01,1.813000000000000114e+02,6.130000000000000000e+02,7.599999999999999645e+00,2.480000000000000071e+01,3.600000000000000000e+01,4.000000000000000000e+00,0.000000000000000000e+00,3.049999999999999822e+00
5.000000000000000000e+00,4.000000000000000000e+00,8.000000000000000000e+00,5.000000000000000000e+00,9.100000000000000000e+01,1.669000000000000057e+02,7.526000000000000227e+02,7.099999999999999645e+00,2.110000000000000142e+01,7.100000000000000000e+01,7.599999999999999645e+00,1.399999999999999911e+00,2.169999999999999929e+00
6.000000000000000000e+00,3.000000000000000000e+00,1.100000000000000000e+01,2.000000000000000000e+00,7.950000000000000000e+01,3.000000000000000000e+00,1.067000000000000028e+02,1.100000000000000089e+00,1.180000000000000071e+01,3.100000000000000000e+01,4.500000000000000000e+00,0.000000000000000000e+00,0.000000000000000000e+00
4.000000000000000000e+00,3.000000000000000000e+00,9.000000000000000000e+00,2.000000000000000000e+00,9.029999999999999716e+01,8.070000000000000284e+01,7.302000000000000455e+02,6.299999999999999822e+00,1.780000000000000071e+01,6.300000000000000000e+01,4.900000000000000355e+00,0.000000000000000000e+00,0.000000000000000000e+00
4.000000000000000000e+00,5.000000000000000000e+00,3.000000000000000000e+00,5.000000000000000000e+00,9.120000000000000284e+01,4.829999999999999716e+01,9.779999999999999716e+01,1.250000000000000000e+01,1.580000000000000071e+01,2.700000000000000000e+01,7.599999999999999645e+00,0.000000000000000000e+00,0.000000000000000000e+00
3.000000000000000000e+00,4.000000000000000000e+00,9.000000000000000000e+00,3.000000000000000000e+00,9.120000000000000284e+01,1.346999999999999886e+02,8.175000000000000000e+02,7.200000000000000178e+00,1.850000000000000000e+01,3.000000000000000000e+01,2.700000000000000178e+00,0.000000000000000000e+00,0.000000000000000000e+00
6.000000000000000000e+00,3.000000000000000000e+00,9.000000000000000000e+00,1.000000000000000000e+00,9.159999999999999432e+01,1.084000000000000057e+02,7.640000000000000000e+02,6.200000000000000178e+00,2.300000000000000000e+01,3.400000000000000000e+01,2.200000000000000178e+00,0.000000000000000000e+00,5.603999999999999915e+01
2.000000000000000000e+00,2.000000000000000000e+00,8.000000000000000000e+00,3.000000000000000000e+00,9.209999999999999432e+01,1.112000000000000028e+02,6.541000000000000227e+02,9.599999999999999645e+00,1.839999999999999858e+01,4.500000000000000000e+01,3.600000000000000089e+00,0.000000000000000000e+00,1.629999999999999893e+00
4.000000000000000000e+00,4.000000000000000000e+00,9.000000000000000000e+00,7.000000000000000000e+00,9.350000000000000000e+01,1.493000000000000114e+02,7.286000000000000227e+02,8.099999999999999645e+00,2.289999999999999858e+01,3.900000000000000000e+01,4.900000000000000355e+00,0.000000000000000000e+00,4.854999999999999716e+01
6.000000000000000000e+00,3.000000000000000000e+00,9.000000000000000000e+00,6.000000000000000000e+00,9.340000000000000568e+01,1.454000000000000057e+02,7.213999999999999773e+02,8.099999999999999645e+00,3.019999999999999929e+01,2.400000000000000000e+01,2.700000000000000178e+00,0.000000000000000000e+00,0.000000000000000000e+00
1.000000000000000000e+00,2.000000000000000000e+00,9.000000000000000000e+00,4.000000000000000000e+00,9.290000000000000568e+01,1.370000000000000000e+02,7.063999999999999773e+02,9.199999999999999289e+00,2.539999999999999858e+01,2.700000000000000000e+01,2.200000000000000178e+00,0.000000000000000000e+00,0.000000000000000000e+00
4.000000000000000000e+00,5.000000000000000000e+00,9.000000000000000000e+00,3.000000000000000000e+00,9.290000000000000568e+01,1.333000000000000114e+02,6.996000000000000227e+02,9.199999999999999289e+00,1.939999999999999858e+01,1.900000000000000000e+01,1.300000000000000044e+00,0.000000000000000000e+00,3.171999999999999886e+01
9.000000000000000000e+00,9.000000000000000000e+00,2.000000000000000000e+00,4.000000000000000000e+00,8.420000000000000284e+01,6.799999999999999822e+00,2.660000000000000142e+01,7.700000000000000178e+00,6.700000000000000178e+00,7.900000000000000000e+01,3.100000000000000089e+00,0.000000000000000000e+00,0.000000000000000000e+00
2.000000000000000000e+00,5.000000000000000000e+00,1.000000000000000000e+01,7.000000000000000000e+00,9.259999999999999432e+01,4.650000000000000000e+01,6.917999999999999545e+02,8.800000000000000711e+00,1.540000000000000036e+01,3.500000000000000000e+01,9.000000000000000222e-01,0.000000000000000000e+00,0.000000000000000000e+00
2.000000000000000000e+00,2.000000000000000000e+00,8.000000000000000000e+00,7.000000000000000000e+00,9.020000000000000284e+01,9.959999999999999432e+01,6.312000000000000455e+02,6.299999999999999822e+00,2.080000000000000071e+01,3.300000000000000000e+01,2.700000000000000178e+00,0.000000000000000000e+00,0.000000000000000000e+00
2.000000000000000000e+00,4.000000000000000000e+00,1.000000000000000000e+00,6.000000000000000000e+00,8.209999999999999432e+01,3.700000000000000178e+00,9.300000000000000711e+00,2.899999999999999911e+00,5.299999999999999822e+00,7.800000000000000000e+01,3.100000000000000089e+00,0.000000000000000000e+00,0.000000000000000000e+00
2.000000000000000000e+00,2.000000000000000000e+00,9.000000000000000000e+00,5.000000000000000000e+00,9.240000000000000568e+01,1.179000000000000057e+02,6.680000000000000000e+02,1.219999999999999929e+01,2.300000000000000000e+01,3.700000000000000000e+01,4.500000000000000000e+00,0.000000000000000000e+00,0.000000000000000000e+00
9.000000000000000000e+00,6.000000000000000000e+00,8.000000000000000000e+00,4.000000000000000000e+00,9.159999999999999432e+01,2.484000000000000057e+02,7.537999999999999545e+02,6.299999999999999822e+00,2.050000000000000000e+01,5.800000000000000000e+01,2.700000000000000178e+00,0.000000000000000000e+00,4.286999999999999744e+01
6.000000000000000000e+00,3.000000000000000000e+00,7.000000000000000000e+00,2.000000000000000000e+00,9.270000000000000284e+01,1.640999999999999943e+02,5.757999999999999545e+02,8.900000000000000355e+00,2.630000000000000071e+01,3.900000000000000000e+01,3.100000000000000089e+00,0.000000000000000000e+00,7.019999999999999574e+00
4.000000000000000000e+00,5.000000000000000000e+00,2.000000000000000000e+00,6.000000000000000000e+00,8.470000000000000284e+01,8.199999999999999289e+00,5.500000000000000000e+01,2.899999999999999911e+00,1.419999999999999929e+01,4.600000000000000000e+01,4.000000000000000000e+00,0.000000000000000000e+00,0.000000000000000000e+00
7.000000000000000000e+00,4.000000000000000000e+00,9.000000000000000000e+00,5.000000000000000000e+00,9.240000000000000568e+01,1.179000000000000057e+02,6.680000000000000000e+02,1.219999999999999929e+01,1.900000000000000000e+01,3.400000000000000000e+01,5.799999999999999822e+00,0.000000000000000000e+00,0.000000000000000000e+00
6.000000000000000000e+00,5.000000000000000000e+00,9.000000000000000000e+00,2.000000000000000000e+00,9.190000000000000568e+01,1.117000000000000028e+02,7.702999999999999545e+02,6.500000000000000000e+00,1.960000000000000142e+01,4.500000000000000000e+01,3.100000000000000089e+00,0.000000000000000000e+00,2.003000000000000114e+01
