8.000000000000000000e+00,6.000000000000000000e+00,1.000000000000000000e+01,3.000000000000000000e+00,9.140000000000000568e+01,3.789999999999999858e+01,6.737999999999999545e+02,5.200000000000000178e+00,2.019999999999999929e+01,3.700000000000000000e+01,2.700000000000000178e+00,0.000000000000000000e+00,1.369999999999999929e+01
3.000000000000000000e+00,4.000000000000000000e+00,8.000000000000000000e+00,2.000000000000000000e+00,9.609999999999999432e+01,1.810999999999999943e+02,6.712000000000000455e+02,1.430000000000000071e+01,3.229999999999999716e+01,2.700000000000000000e+01,2.200000000000000178e+00,0.000000000000000000e+00,1.467999999999999972e+01
3.000000000000000000e+00,4.000000000000000000e+00,9.000000000000000000e+00,7.000000000000000000e+00,8.959999999999999432e+01,8.409999999999999432e+01,7.142999999999999545e+02,5.700000000000000178e+00,2.380000000000000071e+01,3.500000000000000000e+01,3.600000000000000089e+00,0.000000000000000000e+00,5.179999999999999716e+00
6.000000000000000000e+00,5.000000000000000000e+00,9.000000000000000000e+00,3.000000000000000000e+00,9.259999999999999432e+01,1.154000000000000057e+02,7.771000000000000227e+02,8.800000000000000711e+00,2.430000000000000071e+01,2.700000000000000000e+01,4.900000000000000355e+00,0.000000000000000000e+00,0.000000000000000000e+00
7.000000000000000000e+00,4.000000000000000000e+00,7.000000000000000000e+00,1.000000000000000000e+00,8.920000000000000284e+01,1.039000000000000057e+02,4.316000000000000227e+02,6.400000000000000355e+00,2.260000000000000142e+01,5.700000000000000000e+01,4.900000000000000355e+00,0.000000000000000000e+00,2.785299999999999727e+02
6.000000000000000000e+00,3.000000000000000000e+00,9.000000000000000000e+00,5.000000000000000000e+00,8.859999999999999432e+01,6.970000000000000284e+01,7.067999999999999545e+02,5.799999999999999822e+00,2.060000000000000142e+01,3.700000000000000000e+01,1.800000000000000044e+00,0.000000000000000000e+00,0.000000000000000000e+00
2.000000000000000000e+00,2.000000000000000000e+00,9.000000000000000000e+00,6.000000000000000000e+00,9.250000000000000000e+01,1.210999999999999943e+02,6.743999999999999773e+02,8.599999999999999645e+00,1.819999999999999929e+01,4.600000000000000000e+01,1.800000000000000044e+00,0.000000000000000000e+00,2.009399999999999977e+02
5.000000000000000000e+00,4.000000000000000000e+00,9.000000000000000000e+00,5.000000000000000000e+00,9.029999999999999716e+01,2.900000000000000000e+02,8.552999999999999545e+02,7.400000000000000355e+00,1.619999999999999929e+01,5.800000000000000000e+01,3.600000000000000089e+00,0.000000000000000000e+00,0.000000000000000000e+00
3.000000000000000000e+00,3.000000000000000000e+00,9.000000000000000000e+00,6.000000000000000000e+00,9.220000000000000284e+01,1.022999999999999972e+02,7.515000000000000000e+02,8.400000000000000355e+00,2.419999999999999929e+01,2.700000000000000000e+01,3.100000000000000089e+00,0.000000000000000000e+00,6.580000000000000071e+00
2.000000000000000000e+00,4.000000000000000000e+00,8.000000000000000000e+00,7.000000000000000000e+00,9.159999999999999432e+01,1.813000000000000114e+02,6.130000000000000000e+02,7.599999999999999645e+00,2.089999999999999858e+01,5.000000000000000000e+01,2.200000000000000178e+00,0.000000000000000000e+00,1.600000000000000000e+01
6.000000000000000000e+00,3.000000000000000000e+00,9.000000000000000000e+00,7.000000000000000000e+00,9.240000000000000568e+01,1.057999999999999972e+02,7.581000000000000227e+02,9.900000000000000355e+00,2.480000000000000071e+01,2.800000000000000000e+01,1.800000000000000044e+00,0.000000000000000000e+00,1.428999999999999915e+01
3.000000000000000000e+00,5.000000000000000000e+00,3.000000000000000000e+00,1.000000000000000000e+00,8.759999999999999432e+01,5.220000000000000284e+01,1.037999999999999972e+02,5.000000000000000000e+00,9.000000000000000000e+00,4.900000000000000000e+01,2.200000000000000178e+00,0.000000000000000000e+00,0.000000000000000000e+00
8.000000000000000000e+00,6.000000000000000000e+00,8.000000000000000000e+00,4.000000000000000000e+00,9.070000000000000284e+01,1.940999999999999943e+02,6.430000000000000000e+02,6.799999999999999822e+00,1.619999999999999929e+01,6.300000000000000000e+01,2.700000000000000178e+00,0.000000000000000000e+00,1.632999999999999829e+01
1.000000000000000000e+00,5.000000000000000000e+00,9.000000000000000000e+00,1.000000000000000000e+00,9.090000000000000568e+01,1.265000000000000000e+02,6.865000000000000000e+02,7.000000000000000000e+00,2.100000000000000000e+01,4.200000000000000000e+01,2.200000000000000178e+00,0.000000000000000000e+00,7.299999999999999822e+00
3.000000000000000000e+00,5.000000000000000000e+00,1.000000000000000000e+01,3.000000000000000000e+00,9.140000000000000568e+01,3.789999999999999858e+01,6.737999999999999545e+02,5.200000000000000178e+00,1.590000000000000036e+01,4.600000000000000000e+01,3.600000000000000089e+00,0.000000000000000000e+00,0.000000000000000000e+00
1.000000000000000000e+00,2.000000000000000000e+00,8.000000000000000000e+00,5.000000000000000000e+00,9.100000000000000000e+01,1.669000000000000057e+02,7.526000000000000227e+02,7.099999999999999645e+00,1.850000000000000000e+01,7.300000000000000000e+01,8.500000000000000000e+00,0.000000000000000000e+00,0.000000000000000000e+00
1.000000000000000000e+00,4.000000000000000000e+00,8.000000000000000000e+00,5.000000000000000000e+00,9.059999999999999432e+01,2.698000000000000114e+02,8.112000000000000455e+02,5.500000000000000000e+00,2.219999999999999929e+01,4.500000000000000000e+01,3.600000000000000089e+00,0.000000000000000000e+00,0.000000000000000000e+00
6.000000000000000000e+00,3.000000000000000000e+00,1.000000000000000000e+01,2.000000000000000000e+00,9.059999999999999432e+01,3.539999999999999858e+01,6.691000000000000227e+02,6.700000000000000178e+00,2.169999999999999929e+01,2.400000000000000000e+01,4.500000000000000000e+00,0.000000000000000000e+00,0.000000000000000000e+00
1.000000000000000000e+00,2.000000000000000000e+00,8.000000000000000000e+00,3.000000000000000000e+00,9.550000000000000000e+01,9.990000000000000568e+01,5.132999999999999545e+02,1.319999999999999929e+01,2.330000000000000071e+01,3.100000000000000000e+01,4.500000000000000000e+00,0.000000000000000000e+00,5.500000000000000444e-01
2.000000000000000000e+00,5.000000000000000000e+00,8.000000000000000000e+00,3.000000000000000000e+00,9.550000000000000000e+01,9.990000000000000568e+01,5.132999999999999545e+02,1.319999999999999929e+01,2.380000000000000071e+01,3.200000000000000000e+01,5.400000000000000355e+00,0.000000000000000000e+00,7.700000000000000178e-01
3.000000000000000000e+00,4.000000000000000000e+00,3.000000000000000000e+00,1.000000000000000000e+00,9.009999999999999432e+01,3.970000000000000284e+01,8.659999999999999432e+01,6.200000000000000178e+00,1.059999999999999964e+01,3.000000000000000000e+01,4.000000000000000000e+00,0.000000000000000000e+00,0.000000000000000000e+00
1.000000000000000000e+00,3.000000000000000000e+00,8.000000000000000000e+00,6.000000000000000000e+00,9.209999999999999432e+01,1.780000000000000000e+02,6.052999999999999545e+02,9.599999999999999645e+00,2.330000000000000071e+01,4.000000000000000000e+01,4.000000000000000000e+00,0.000000000000000000e+00,6.360000000000000320e+00
6.000000000000000000e+00,5.000000000000000000e+00,3.000000000000000000e+00,4.000000000000000000e+00,9.090000000000000568e+01,1.889999999999999858e+01,3.060000000000000142e+01,8.000000000000000000e+00,8.699999999999999289e+00,5.100000000000000000e+01,5.799999999999999822e+00,0.000000000000000000e+00,0.000000000000000000e+00
6.000000000000000000e+00,5.000000000000000000e+00,8.000000000000000000e+00,5.000000000000000000e+00,6.350000000000000000e+01,7.079999999999999716e+01,6.652999999999999545e+02,8.000000000000000444e-01,1.700000000000000000e+01,7.200000000000000000e+01,6.700000000000000178e+00,0.000000000000000000e+00,0.000000000000000000e+00
9.000000000000000000e+00,5.000000000000000000e+00,6.000000000000000000e+00,3.000000000000000000e+00,9.329999999999999716e+01,4.950000000000000000e+01,2.976999999999999886e+02,1.400000000000000000e+01,2.800000000000000000e+01,3.400000000000000000e+01,4.500000000000000000e+00,0.000000000000000000e+00,0.000000000000000000e+00
6.000000000000000000e+00,3.000000000000000000e+00,9.000000000000000000e+00,1.000000000000000000e+00,9.179999999999999716e+01,7.850000000000000000e+01,7.242999999999999545e+02,9.199999999999999289e+00,2.119999999999999929e+01,3.200000000000000000e+01,2.700000000000000178e+00,0.000000000000000000e+00,0.000000000000000000e+00
7.000000000000000000e+00,4.000000000000000000e+00,1.000000000000000000e+01,2.000000000000000000e+00,9.059999999999999432e+01,3.539999999999999858e+01,6.691000000000000227e+02,6.700000000000000178e+00,1.800000000000000000e+01,3.300000000000000000e+01,9.000000000000000222e-01,0.000000000000000000e+00,0.000000000000000000e+00
3.000000000000000000e+00,4.000000000000000000e+00,8.000000000000000000e+00,4.000000000000000000e+00,9.300000000000000000e+01,7.529999999999999716e+01,4.666000000000000227e+02,7.700000000000000178e+00,1.960000000000000142e+01,3.600000000000000000e+01,3.100000000000000089e+00,0.000000000000000000e+00,0.000000000000000000e+00
6.000000000000000000e+00,5.000000000000000000e+00,3.000000000000000000e+00,5.000000000000000000e+00,9.120000000000000284e+01,4.829999999999999716e+01,9.779999999999999716e+01,1.250000000000000000e+01,1.459999999999999964e+01,2.600000000000000000e+01,9.400000000000000355e+00,0.000000000000000000e+00,2.529999999999999805e+00
4.000000000000000000e+00,4.000000000000000000e+00,9.000000000000000000e+00,3.000000000000000000e+00,9.290000000000000568e+01,1.333000000000000114e+02,6.996000000000000227e+02,9.199999999999999289e+00,2.639999999999999858e+01,2.100000000000000000e+01,4.500000000000000000e+00,0.000000000000000000e+00,8.848999999999999488e+01
1.000000000000000000e+00,3.000000000000000000e+00,9.000000000000000000e+00,6.000000000000000000e+00,9.120000000000000284e+01,9.429999999999999716e+01,7.443999999999999773e+02,8.400000000000000355e+00,2.230000000000000071e+01,4.800000000000000000e+01,4.000000000000000000e+00,0.000000000000000000e+00,7.199999999999999734e-01
1.000000000000000000e+00,2.000000000000000000e+00,9.000000000000000000e+00,2.000000000000000000e+00,9.100000000000000000e+01,1.295000000000000000e+02,6.926000000000000227e+02,7.000000000000000000e+00,1.880000000000000071e+01,4.000000000000000000e+01,2.200000000000000178e+00,0.000000000000000000e+00,2.128799999999999955e+02
5.000000000000000000e+00,6.000000000000000000e+00,9.000000000000000000e+00,1.000000000000000000e+00,9.090000000000000568e+01,1.265000000000000000e+02,6.865000000000000000e+02,7.000000000000000000e+00,1.469999999999999929e+01,7.000000000000000000e+01,3.600000000000000089e+00,0.000000000000000000e+00,0.000000000000000000e+00
2.000000000000000000e+00,5.000000000000000000e+00,8.000000000000000000e+00,2.000000000000000000e+00,9.209999999999999432e+01,1.525999999999999943e+02,6.582000000000000455e+02,1.430000000000000071e+01,2.019999999999999929e+01,4.700000000000000000e+01,4.000000000000000000e+00,0.000000000000000000e+00,3.089999999999999858e+00
6.000000000000000000e+00,3.000000000000000000e+00,9.000000000000000000e+00,7.000000000000000000e+00,9.350000000000000000e+01,1.493000000000000114e+02,7.286000000000000227e+02,8.099999999999999645e+00,2.280000000000000071e+01,3.900000000000000000e+01,3.600000000000000089e+00,0.000000000000000000e+00,0.000000000000000000e+00
7.000000000000000000e+00,4.000000000000000000e+00,9.000000000000000000e+00,1.000000000000000000e+00,9.159999999999999432e+01,1.084000000000000057e+02,7.640000000000000000e+02,6.200000000000000178e+00,1.930000000000000071e+01,4.400000000000000000e+01,2.200000000000000178e+00,0.000000000000000000e+00,0.000000000000000000e+00
4.000000000000000000e+00,3.000000000000000000e+00,7.000000000000000000e+00,4.000000000000000000e+00,9.320000000000000284e+01,1.144000000000000057e+02,5.600000000000000000e+02,9.500000000000000000e+00,3.019999999999999929e+01,2.200000000000000000e+01,4.900000000000000355e+00,0.000000000000000000e+00,0.000000000000000000e+00
5.000000000000000000e+00,4.000000000000000000e+00,3.000000000000000000e+00,1.000000000000000000e+00,9.009999999999999432e+01,3.970000000000000284e+01,8.659999999999999432e+01,6.200000000000000178e+00,1.319999999999999929e+01,4.000000000000000000e+01,5.400000000000000355e+00,0.000000000000000000e+00,9.499999999999999556e-01
8.000000000000000000e+00,6.000000000000000000e+00,8.000000000000000000e+00,6.000000000000000000e+00,8.940000000000000568e+01,2.535999999999999943e+02,7.683999999999999773e+02,9.699999999999999289e+00,1.419999999999999929e+01,7.300000000000000000e+01,2.700000000000000178e+00,0.000000000000000000e+00,0.000000000000000000e+00
2.000000000000000000e+00,4.000000000000000000e+00,9.000000000000000000e+00,7.000000000000000000e+00,5.039999999999999858e+01,4.620000000000000284e+01,7.066000000000000227e+02,4.000000000000000222e-01,1.219999999999999929e+01,7.800000000000000000e+01,6.299999999999999822e+00,0.000000000000000000e+00,0.000000000000000000e+00
2.000000000000000000e+00,2.000000000000000000e+00,8.000000000000000000e+00,4.000000000000000000e+00,9.159999999999999432e+01,2.484000000000000057e+02,7.537999999999999545e+02,6.299999999999999822e+00,2.039999999999999858e+01,5.600000000000000000e+01,2.200000000000000178e+00,0.000000000000000000e+00,0.000000000000000000e+00
2.000000000000000000e+00,2.000000000000000000e+00,2.000000000000000000e+00,1.000000000000000000e+00,8.400000000000000000e+01,9.300000000000000711e+00,3.400000000000000000e+01,2.100000000000000089e+00,1.390000000000000036e+01,4.000000000000000000e+01,5.400000000000000355e+00,0.000000000000000000e+00,0.000000000000000000e+00
9.000000000000000000e+00,4.000000000000000000e+00,7.000000000000000000e+00,6.000000000000000000e+00,9.159999999999999432e+01,1.042000000000000028e+02,4.748999999999999773e+02,9.000000000000000000e+00,2.530000000000000071e+01,3.900000000000000000e+01,9.000000000000000222e-01,0.000000000000000000e+00,8.000000000000000000e+00
4.000000000000000000e+00,3.000000000000000000e+00,5.000000000000000000e+00,5.000000000000000000e+00,8.959999999999999432e+01,2.539999999999999858e+01,7.370000000000000284e+01,5.700000000000000178e+00,1.800000000000000000e+01,4.000000000000000000e+01,4.000000000000000000e+00,0.000000000000000000e+00,3.847999999999999687e+01
4.000000000000000000e+00,4.000000000000000000e+00,1.200000000000000000e+01,1.000000000000000000e+00,8.540000000000000568e+01,2.539999999999999858e+01,3.496999999999999886e+02,2.600000000000000089e+00,4.599999999999999645e+00,2.100000000000000000e+01,8.500000000000000000e+00,0.000000000000000000e+00,9.769999999999999574e+00
7.000000000000000000e+00,4.000000000000000000e+00,9.000000000000000000e+00,5.000000000000000000e+00,9.240000000000000568e+01,1.179000000000000057e+02,6.680000000000000000e+02,1.219999999999999929e+01,1.900000000000000000e+01,3.400000000000000000e+01,5.799999999999999822e+00,0.000000000000000000e+00,1.689999999999999947e+00
1.000000000000000000e+00,5.000000000000000000e+00,9.000000000000000000e+00,2.000000000000000000e+00,9.100000000000000000e+01,1.295000000000000000e+02,6.926000000000000227e+02,7.000000000000000000e+00,2.160000000000000142e+01,3.300000000000000000e+01,2.200000000000000178e+00,0.000000000000000000e+00,1.152999999999999936e+01
6.000000000000000000e+00,5.000000000000000000e+00,8.000000000000000000e+00,3.000000000000000000e+00,9.309999999999999432e+01,1.573000000000000114e+02,6.667000000000000455e+02,1.350000000000000000e+01,2.210000000000000142e+01,3.700000000000000000e+01,3.600000000000000089e+00,0.000000000000000000e+00,2.099999999999999922e-01
2.000000000000000000e+00,4.000000000000000000e+00,9.000000000000000000e+00,7.000000000000000000e+00,9.240000000000000568e+01,1.057999999999999972e+02,7.581000000000000227e+02,9.900000000000000355e+00,2.489999999999999858e+01,2.700000000000000000e+01,2.200000000000000178e+00,0.000000000000000000e+00,0.000000000000000000e+00
1.000000000000000000e+00,2.000000000000000000e+00,7.000000000000000000e+00,5.000000000000000000e+00,9.070000000000000284e+01,8.090000000000000568e+01,3.683000000000000114e+02,1.680000000000000071e+01,1.480000000000000071e+01,7.800000000000000000e+01,8.000000000000000000e+00,0.000000000000000000e+00,0.000000000000000000e+00
8.000000000000000000e+00,6.000000000000000000e+00,8.000000000000000000e+00,1.000000000000000000e+00,9.209999999999999432e+01,2.070000000000000000e+02,6.726000000000000227e+02,8.199999999999999289e+00,2.110000000000000142e+01,5.400000000000000000e+01,2.200000000000000178e+00,0.000000000000000000e+00,0.000000000000000000e+00
3.000000000000000000e+00,4.000000000000000000e+00,3.000000000000000000e+00,3.000000000000000000e+00,9.020000000000000284e+01,1.850000000000000000e+01,4.110000000000000142e+01,7.299999999999999822e+00,1.119999999999999929e+01,4.100000000000000000e+01,5.400000000000000355e+00,0.000000000000000000e+00,5.549999999999999822e+00
7.000000000000000000e+00,4.000000000000000000e+00,9.000000000000000000e+00,5.000000000000000000e+00,9.429999999999999716e+01,8.509999999999999432e+01,6.922999999999999545e+02,1.590000000000000036e+01,2.010000000000000142e+01,4.700000000000000000e+01,4.900000000000000355e+00,0.000000000000000000e+00,2.612999999999999901e+01
6.000000000000000000e+00,5.000000000000000000e+00,9.000000000000000000e+00,6.000000000000000000e+00,9.250000000000000000e+01,1.210999999999999943e+02,6.743999999999999773e+02,8.599999999999999645e+00,2.510000000000000142e+01,2.700000000000000000e+01,4.000000000000000000e+00,0.000000000000000000e+00,1.090839999999999918e+03
4.000000000000000000e+00,3.000000000000000000e+00,9.000000000000000000e+00,6.000000000000000000e+00,9.220000000000000284e+01,1.022999999999999972e+02,7.515000000000000000e+02,8.400000000000000355e+00,2.350000000000000000e+01,2.700000000000000000e+01,4.000000000000000000e+00,0.000000000000000000e+00,3.330000000000000071e+00
6.000000000000000000e+00,4.000000000000000000e+00,8.000000000000000000e+00,5.000000000000000000e+00,9.479999999999999716e+01,2.270000000000000000e+02,7.067000000000000455e+02,1.200000000000000000e+01,2.330000000000000071e+01,3.400000000000000000e+01,3.100000000000000089e+00,0.000000000000000000e+00,2.873999999999999844e+01
7.000000000000000000e+00,4.000000000000000000e+00,9.000000000000000000e+00,3.000000000000000000e+00,8.970000000000000284e+01,2.848999999999999773e+02,8.440000000000000000e+02,1.009999999999999964e+01,1.050000000000000000e+01,7.700000000000000000e+01,4.000000000000000000e+00,0.000000000000000000e+00,0.000000000000000000e+00
4.000000000000000000e+00,4.000000000000000000e+00,3.000000000000000000e+00,6.000000000000000000e+00,9.170000000000000284e+01,3.579999999999999716e+01,8.079999999999999716e+01,7.799999999999999822e+00,1.700000000000000000e+01,2.700000000000000000e+01,4.900000000000000355e+00,0.000000000000000000e+00,2.866000000000000014e+01
4.000000000000000000e+00,5.000000000000000000e+00,8.000000000000000000e+00,4.000000000000000000e+00,8.940000000000000568e+01,2.661999999999999886e+02,8.032999999999999545e+02,5.599999999999999645e+00,1.739999999999999858e+01,5.400000000000000000e+01,3.100000000000000089e+00,0.000000000000000000e+00,0.000000000000000000e+00
3.000000000000000000e+00,4.000000000000000000e+00,8.000000000000000000e+00,2.000000000000000000e+00,9.209999999999999432e+01,1.525999999999999943e+02,6.582000000000000455e+02,1.430000000000000071e+01,2.100000000000000000e+01,3.200000000000000000e+01,3.100000000000000089e+00,0.000000000000000000e+00,0.000000000000000000e+00
6.000000000000000000e+00,5.000000000000000000e+00,8.000000000000000000e+00,3.000000000000000000e+00,9.209999999999999432e+01,1.112000000000000028e+02,6.541000000000000227e+02,9.599999999999999645e+00,1.660000000000000142e+01,4.700000000000000000e+01,9.000000000000000222e-01,0.000000000000000000e+00,2.290000000000000036e+00
1.000000000000000000e+00,2.000000000000000000e+00,8.000000000000000000e+00,4.000000000000000000e+00,9.170000000000000284e+01,1.142999999999999972e+02,6.612999999999999545e+02,6.299999999999999822e+00,2.019999999999999929e+01,4.500000000000000000e+01,3.600000000000000089e+00,0.000000000000000000e+00,0.000000000000000000e+00
5.000000000000000000e+00,4.000000000000000000e+00,3.000000000000000000e+00,5.000000000000000000e+00,9.170000000000000284e+01,3.329999999999999716e+01,7.750000000000000000e+01,9.000000000000000000e+00,1.559999999999999964e+01,2.500000000000000000e+01,6.299999999999999822e+00,0.000000000000000000e+00,0.000000000000000000e+00
8.000000000000000000e+00,6.000000000000000000e+00,8.000000000000000000e+00,4.000000000000000000e+00,9.520000000000000284e+01,1.316999999999999886e+02,5.787999999999999545e+02,1.040000000000000036e+01,2.069999999999999929e+01,4.500000000000000000e+01,2.200000000000000178e+00,0.000000000000000000e+00,2.549999999999999822e+00
2.000000000000000000e+00,4.000000000000000000e+00,9.000000000000000000e+00,3.000000000000000000e+00,8.790000000000000568e+01,8.479999999999999716e+01,7.251000000000000227e+02,3.700000000000000178e+00,2.180000000000000071e+01,3.400000000000000000e+01,2.200000000000000178e+00,0.000000000000000000e+00,6.040000000000000036e+00
9.000000000000000000e+00,9.000000000000000000e+00,2.000000000000000000e+00,5.000000000000000000e+00,8.659999999999999432e+01,1.319999999999999929e+01,4.300000000000000000e+01,5.299999999999999822e+00,1.569999999999999929e+01,4.300000000000000000e+01,3.100000000000000089e+00,0.000000000000000000e+00,0.000000000000000000e+00
6.000000000000000000e+00,5.000000000000000000e+00,9.000000000000000000e+00,5.000000000000000000e+00,9.329999999999999716e+01,1.411999999999999886e+02,7.138999999999999773e+02,1.390000000000000036e+01,2.289999999999999858e+01,4.400000000000000000e+01,5.400000000000000355e+00,0.000000000000000000e+00,0.000000000000000000e+00
4.000000000000000000e+00,3.000000000000000000e+00,8.000000000000000000e+00,3.000000000000000000e+00,9.209999999999999432e+01,1.112000000000000028e+02,6.541000000000000227e+02,9.599999999999999645e+00,2.039999999999999858e+01,4.200000000000000000e+01,4.900000000000000355e+00,0.000000000000000000e+00,0.000000000000000000e+00
8.000000000000000000e+00,6.000000000000000000e+00,8.000000000000000000e+00,7.000000000000000000e+00,9.229999999999999716e+01,8.529999999999999716e+01,4.880000000000000000e+02,1.469999999999999929e+01,2.080000000000000071e+01,3.200000000000000000e+01,6.299999999999999822e+00,0.000000000000000000e+00,0.000000000000000000e+00
8.000000000000000000e+00,6.000000000000000000e+00,9.000000000000000000e+00,1.000000000000000000e+00,9.190000000000000568e+01,1.117000000000000028e+02,7.702999999999999545e+02,6.500000000000000000e+00,1.569999999999999929e+01,5.100000000000000000e+01,2.200000000000000178e+00,0.000000000000000000e+00,0.000000000000000000e+00
3.000000000000000000e+00,4.000000000000000000e+00,3.000000000000000000e+00,6.000000000000000000e+00,9.170000000000000284e+01,3.579999999999999716e+01,8.079999999999999716e+01,7.799999999999999822e+00,1.159999999999999964e+01,3.000000000000000000e+01,6.299999999999999822e+00,0.000000000000000000e+00,0.000000000000000000e+00
3.000000000000000000e+00,4.000000000000000000e+00,1.200000000000000000e+01,1.000000000000000000e+00,8.540000000000000568e+01,2.539999999999999858e+01,3.496999999999999886e+02,2.600000000000000089e+00,4.599999999999999645e+00,2.100000000000000000e+01,8.500000000000000000e+00,0.000000000000000000e+00,1.073000000000000043e+01
1.000000000000000000e+00,2.000000000000000000e+00,8.000000000000000000e+00,3.000000000000000000e+00,9.209999999999999432e+01,1.112000000000000028e+02,6.541000000000000227e+02,9.599999999999999645e+00,1.660000000000000142e+01,4.700000000000000000e+01,9.000000000000000222e-01,0.000000000000000000e+00,0.000000000000000000e+00
3.000000000000000000e+00,4.000000000000000000e+00,2.000000000000000000e+00,3.000000000000000000e+00,8.690000000000000568e+01,6.599999999999999645e+00,1.869999999999999929e+01,3.200000000000000178e+00,8.800000000000000711e+00,3.500000000000000000e+01,3.100000000000000089e+00,0.000000000000000000e+00,1.100000000000000089e+00
5.000000000000000000e+00,4.000000000000000000e+00,8.000000000000000000e+00,7.000000000000000000e+00,9.359999999999999432e+01,2.350999999999999943e+02,7.231000000000000227e+02,1.009999999999999964e+01,2.410000000000000142e+01,5.000000000000000000e+01,4.000000000000000000e+00,0.000000000000000000e+00,0.000000000000000000e+00
6.000000000000000000e+00,4.000000000000000000e+00,4.000000000000000000e+00,6.000000000000000000e+00,8.629999999999999716e+01,2.739999999999999858e+01,9.709999999999999432e+01,5.099999999999999645e+00,9.300000000000000711e+00,4.400000000000000000e+01,4.500000000000000000e+00,0.000000000000000000e+00,0.000000000000000000e+00
4.000000000000000000e+00,5.000000000000000000e+00,2.000000000000000000e+00,7.000000000000000000e+00,8.500000000000000000e+01,9.000000000000000000e+00,5.689999999999999858e+01,3.500000000000000000e+00,1.009999999999999964e+01,6.200000000000000000e+01,1.800000000000000044e+00,0.000000000000000000e+00,5.178000000000000114e+01
4.000000000000000000e+00,6.000000000000000000e+00,1.200000000000000000e+01,5.000000000000000000e+00,8.470000000000000284e+01,2.669999999999999929e+01,3.526000000000000227e+02,4.099999999999999645e+00,2.200000000000000178e+00,5.900000000000000000e+01,4.900000000000000355e+00,0.000000000000000000e+00,9.269999999999999574e+00
6.000000000000000000e+00,3.000000000000000000e+00,9.000000000000000000e+00,2.000000000000000000e+00,9.029999999999999716e+01,8.070000000000000284e+01,7.302000000000000455e+02,6.299999999999999822e+00,1.819999999999999929e+01,6.200000000000000000e+01,4.500000000000000000e+00,0.000000000000000000e+00,0.000000000000000000e+00
3.000000000000000000e+00,4.000000000000000000e+00,9.000000000000000000e+00,2.000000000000000000e+00,9.100000000000000000e+01,1.295000000000000000e+02,6.926000000000000227e+02,7.000000000000000000e+00,1.390000000000000036e+01,5.900000000000000000e+01,6.299999999999999822e+00,0.000000000000000000e+00,1.124000000000000021e+01
1.000000000000000000e+00,3.000000000000000000e+00,8.000000000000000000e+00,4.000000000000000000e+00,9.479999999999999716e+01,2.224000000000000057e+02,6.986000000000000227e+02,1.390000000000000036e+01,2.619999999999999929e+01,3.400000000000000000e+01,5.799999999999999822e+00,0.000000000000000000e+00,0.000000000000000000e+00
7.000000000000000000e+00,4.000000000000000000e+00,9.000000000000000000e+00,7.000000000000000000e+00,9.240000000000000568e+01,1.057999999999999972e+02,7.581000000000000227e+02,9.900000000000000355e+00,2.530000000000000071e+01,2.700000000000000000e+01,2.700000000000000178e+00,0.000000000000000000e+00,0.000000000000000000e+00
3.000000000000000000e+00,4.000000000000000000e+00,8.000000000000000000e+00,5.000000000000000000e+00,9.159999999999999432e+01,1.124000000000000057e+02,5.730000000000000000e+02,8.900000000000000355e+00,1.119999999999999929e+01,8.400000000000000000e+01,7.599999999999999645e+00,0.000000000000000000e+00,3.299999999999999822e+00
5.000000000000000000e+00,4.000000000000000000e+00,9.000000000000000000e+00,5.000000000000000000e+00,9.429999999999999716e+01,8.509999999999999432e+01,6.922999999999999545e+02,1.590000000000000036e+01,2.010000000000000142e+01,4.700000000000000000e+01,4.900000000000000355e+00,0.000000000000000000e+00,1.459999999999999964e+00
4.000000000000000000e+00,4.000000000000000000e+00,8.000000000000000000e+00,3.000000000000000000e+00,9.509999999999999432e+01,1.413000000000000114e+02,6.057999999999999545e+02,1.769999999999999929e+01,2.869999999999999929e+01,3.300000000000000000e+01,4.000000000000000000e+00,0.000000000000000000e+00,0.000000000000000000e+00
9.000000000000000000e+00,5.000000000000000000e+00,6.000000000000000000e+00,3.000000000000000000e+00,9.329999999999999716e+01,4.950000000000000000e+01,2.976999999999999886e+02,1.400000000000000000e+01,2.800000000000000000e+01,3.400000000000000000e+01,4.500000000000000000e+00,0.000000000000000000e+00,8.160000000000000142e+00
7.000000000000000000e+00,4.000000000000000000e+00,9.000000000000000000e+00,7.000000000000000000e+00,8.959999999999999432e+01,8.409999999999999432e+01,7.142999999999999545e+02,5.700000000000000178e+00,1.710000000000000142e+01,5.300000000000000000e+01,5.400000000000000355e+00,0.000000000000000000e+00,4.099999999999999756e-01
4.000000000000000000e+00,4.000000000000000000e+00,9.000000000000000000e+00,7.000000000000000000e+00,8.970000000000000284e+01,9.000000000000000000e+01,7.043999999999999773e+02,4.799999999999999822e+00,1.780000000000000071e+01,6.400000000000000000e+01,1.300000000000000044e+00,0.000000000000000000e+00,0.000000000000000000e+00
4.000000000000000000e+00,3.000000000000000000e+00,8.000000000000000000e+00,6.000000000000000000e+00,9.420000000000000284e+01,1.172000000000000028e+02,5.811000000000000227e+02,1.100000000000000000e+01,2.139999999999999858e+01,4.400000000000000000e+01,2.700000000000000178e+00,0.000000000000000000e+00,6.800000000000000488e-01
6.000000000000000000e+00,3.000000000000000000e+00,3.000000000000000000e+00,6.000000000000000000e+00,9.059999999999999432e+01,5.010000000000000142e+01,1.004000000000000057e+02,7.799999999999999822e+00,1.519999999999999929e+01,3.100000000000000000e+01,8.500000000000000000e+00,0.000000000000000000e+00,1.939999999999999947e+00
2.000000000000000000e+00,5.000000000000000000e+00,6.000000000000000000e+00,4.000000000000000000e+00,9.370000000000000284e+01,1.217000000000000028e+02,3.501999999999999886e+02,1.800000000000000000e+01,2.269999999999999929e+01,4.000000000000000000e+01,9.400000000000000355e+00,0.000000000000000000e+00,3.189999999999999947e+00
7.000000000000000000e+00,5.000000000000000000e+00,8.000000000000000000e+00,6.000000000000000000e+00,9.370000000000000284e+01,2.310999999999999943e+02,7.151000000000000227e+02,8.400000000000000355e+00,2.639999999999999858e+01,3.300000000000000000e+01,3.600000000000000089e+00,0.000000000000000000e+00,0.000000000000000000e+00
6.000000000000000000e+00,4.000000000000000000e+00,6.000000000000000000e+00,7.000000000000000000e+00,9.040000000000000568e+01,8.950000000000000000e+01,2.908000000000000114e+02,6.400000000000000355e+00,1.430000000000000071e+01,4.600000000000000000e+01,1.800000000000000044e+00,0.000000000000000000e+00,9.000000000000000222e-01
7.000000000000000000e+00,5.000000000000000000e+00,9.000000000000000000e+00,6.000000000000000000e+00,9.250000000000000000e+01,8.800000000000000000e+01,6.986000000000000227e+02,7.099999999999999645e+00,2.280000000000000071e+01,4.000000000000000000e+01,4.000000000000000000e+00,0.000000000000000000e+00,0.000000000000000000e+00
5.000000000000000000e+00,4.000000000000000000e+00,9.000000000000000000e+00,1.000000000000000000e+00,9.179999999999999716e+01,7.850000000000000000e+01,7.242999999999999545e+02,9.199999999999999289e+00,1.910000000000000142e+01,3.800000000000000000e+01,2.700000000000000178e+00,0.000000000000000000e+00,0.000000000000000000e+00
5.000000000000000000e+00,5.000000000000000000e+00,8.000000000000000000e+00,7.000000000000000000e+00,9.400000000000000000e+01,4.789999999999999858e+01,1.007000000000000028e+02,1.069999999999999929e+01,1.730000000000000071e+01,8.000000000000000000e+01,4.500000000000000000e+00,0.000000000000000000e+00,0.000000000000000000e+00
3.000000000000000000e+00,4.000000000000000000e+00,7.000000000000000000e+00,1.000000000000000000e+00,9.459999999999999432e+01,1.600000000000000000e+02,5.672000000000000455e+02,1.669999999999999929e+01,1.789999999999999858e+01,4.800000000000000000e+01,2.700000000000000178e+00,0.000000000000000000e+00,0.000000000000000000e+00
3.000000000000000000e+00,4.000000000000000000e+00,8.000000000000000000e+00,7.000000000000000000e+00,9.490000000000000568e+01,1.303000000000000114e+02,5.871000000000000227e+02,1.409999999999999964e+01,2.339999999999999858e+01,4.000000000000000000e+01,5.799999999999999822e+00,0.000000000000000000e+00,1.290000000000000036e+00
7.000000000000000000e+00,5.000000000000000000e+00,6.000000000000000000e+00,7.000000000000000000e+00,9.309999999999999432e+01,1.804000000000000057e+02,4.308000000000000114e+02,1.100000000000000000e+01,2.219999999999999929e+01,4.800000000000000000e+01,1.300000000000000044e+00,0.000000000000000000e+00,0.000000000000000000e+00
7.000000000000000000e+00,4.000000000000000000e+00,7.000000000000000000e+00,6.000000000000000000e+00,9.159999999999999432e+01,1.042000000000000028e+02,4.748999999999999773e+02,9.000000000000000000e+00,2.430000000000000071e+01,3.000000000000000000e+01,1.800000000000000044e+00,0.000000000000000000e+00,0.000000000000000000e+00
3.000000000000000000e+00,4.000000000000000000e+00,9.000000000000000000e+00,1.000000000000000000e+00,9.179999999999999716e+01,7.850000000000000000e+01,7.242999999999999545e+02,9.199999999999999289e+00,1.889999999999999858e+01,3.500000000000000000e+01,2.700000000000000178e+00,0.000000000000000000e+00,0.000000000000000000e+00
1.000000000000000000e+00,2.000000000000000000e+00,8.000000000000000000e+00,7.000000000000000000e+00,9.020000000000000284e+01,9.959999999999999432e+01,6.312000000000000455e+02,6.299999999999999822e+00,1.789999999999999858e+01,4.400000000000000000e+01,2.200000000000000178e+00,0.000000000000000000e+00,0.000000000000000000e+00
3.000000000000000000e+00,4.000000000000000000e+00,9.000000000000000000e+00,5.000000000000000000e+00,9.429999999999999716e+01,8.509999999999999432e+01,6.922999999999999545e+02,1.590000000000000036e+01,1.980000000000000071e+01,5.000000000000000000e+01,5.400000000000000355e+00,0.000000000000000000e+00,0.000000000000000000e+00
