6.000000000000000000e+00,4.000000000000000000e+00,9.000000000000000000e+00,2.000000000000000000e+00,9.100000000000000000e+01,1.295000000000000000e+02,6.926000000000000227e+02,7.000000000000000000e+00,1.830000000000000071e+01,4.000000000000000000e+01,2.700000000000000178e+00,0.000000000000000000e+00,0.000000000000000000e+00
6.000000000000000000e+00,5.000000000000000000e+00,8.000000000000000000e+00,3.000000000000000000e+00,9.600000000000000000e+01,1.270999999999999943e+02,5.705000000000000000e+02,1.650000000000000000e+01,2.339999999999999858e+01,3.300000000000000000e+01,4.500000000000000000e+00,0.000000000000000000e+00,2.509999999999999787e+00
2.000000000000000000e+00,2.000000000000000000e+00,3.000000000000000000e+00,7.000000000000000000e+00,8.929999999999999716e+01,5.129999999999999716e+01,1.022000000000000028e+02,9.599999999999999645e+00,1.150000000000000000e+01,3.900000000000000000e+01,5.799999999999999822e+00,0.000000000000000000e+00,0.000000000000000000e+00
4.000000000000000000e+00,5.000000000000000000e+00,7.000000000000000000e+00,5.000000000000000000e+00,9.159999999999999432e+01,1.002000000000000028e+02,4.663000000000000114e+02,6.299999999999999822e+00,2.289999999999999858e+01,4.000000000000000000e+01,1.300000000000000044e+00,0.000000000000000000e+00,2.640000000000000124e+00
8.000000000000000000e+00,6.000000000000000000e+00,8.000000000000000000e+00,4.000000000000000000e+00,9.070000000000000284e+01,1.940999999999999943e+02,6.430000000000000000e+02,6.799999999999999822e+00,2.130000000000000071e+01,4.100000000000000000e+01,3.600000000000000089e+00,0.000000000000000000e+00,0.000000000000000000e+00
8.000000000000000000e+00,6.000000000000000000e+00,8.000000000000000000e+00,1.000000000000000000e+00,9.209999999999999432e+01,2.070000000000000000e+02,6.726000000000000227e+02,8.199999999999999289e+00,2.680000000000000071e+01,3.500000000000000000e+01,1.300000000000000044e+00,0.000000000000000000e+00,5.400000000000000355e-01
6.000000000000000000e+00,3.000000000000000000e+00,9.000000000000000000e+00,5.000000000000000000e+00,9.429999999999999716e+01,8.509999999999999432e+01,6.922999999999999545e+02,1.590000000000000036e+01,2.539999999999999858e+01,2.400000000000000000e+01,3.600000000000000089e+00,0.000000000000000000e+00,0.000000000000000000e+00
6.000000000000000000e+00,3.000000000000000000e+00,9.000000000000000000e+00,1.000000000000000000e+00,9.150000000000000000e+01,1.300999999999999943e+02,8.071000000000000227e+02,7.500000000000000000e+00,1.219999999999999929e+01,6.600000000000000000e+01,4.900000000000000355e+00,0.000000000000000000e+00,6.099999999999999645e+00
8.000000000000000000e+00,6.000000000000000000e+00,6.000000000000000000e+00,3.000000000000000000e+00,9.120000000000000284e+01,1.478000000000000114e+02,3.771999999999999886e+02,1.269999999999999929e+01,1.960000000000000142e+01,4.300000000000000000e+01,4.900000000000000355e+00,0.000000000000000000e+00,0.000000000000000000e+00
8.000000000000000000e+00,6.000000000000000000e+00,7.000000000000000000e+00,2.000000000000000000e+00,9.229999999999999716e+01,8.879999999999999716e+01,4.408999999999999773e+02,8.500000000000000000e+00,1.710000000000000142e+01,6.700000000000000000e+01,3.600000000000000089e+00,0.000000000000000000e+00,6.570000000000000284e+00
8.000000000000000000e+00,3.000000000000000000e+00,6.000000000000000000e+00,1.000000000000000000e+00,8.820000000000000284e+01,9.620000000000000284e+01,2.290000000000000000e+02,4.700000000000000178e+00,1.430000000000000071e+01,7.900000000000000000e+01,4.000000000000000000e+00,0.000000000000000000e+00,1.939999999999999947e+00
1.000000000000000000e+00,4.000000000000000000e+00,8.000000000000000000e+00,3.000000000000000000e+00,9.170000000000000284e+01,1.914000000000000057e+02,6.358999999999999773e+02,7.799999999999999822e+00,1.989999999999999858e+01,5.000000000000000000e+01,4.000000000000000000e+00,0.000000000000000000e+00,8.275000000000000000e+01
6.000000000000000000e+00,5.000000000000000000e+00,3.000000000000000000e+00,1.000000000000000000e+00,9.009999999999999432e+01,3.970000000000000284e+01,8.659999999999999432e+01,6.200000000000000178e+00,1.519999999999999929e+01,2.700000000000000000e+01,3.100000000000000089e+00,0.000000000000000000e+00,3.185999999999999943e+01
1.000000000000000000e+00,2.000000000000000000e+00,8.000000000000000000e+00,2.000000000000000000e+00,9.100000000000000000e+01,1.212000000000000028e+02,5.616000000000000227e+02,7.000000000000000000e+00,2.160000000000000142e+01,1.900000000000000000e+01,6.700000000000000178e+00,0.000000000000000000e+00,0.000000000000000000e+00
6.000000000000000000e+00,5.000000000000000000e+00,9.000000000000000000e+00,5.000000000000000000e+00,9.029999999999999716e+01,2.900000000000000000e+02,8.552999999999999545e+02,7.400000000000000355e+00,1.030000000000000071e+01,7.800000000000000000e+01,4.000000000000000000e+00,0.000000000000000000e+00,1.830000000000000071e+01
8.000000000000000000e+00,6.000000000000000000e+00,9.000000000000000000e+00,1.000000000000000000e+00,9.159999999999999432e+01,1.084000000000000057e+02,7.640000000000000000e+02,6.200000000000000178e+00,2.269999999999999929e+01,3.500000000000000000e+01,2.200000000000000178e+00,0.000000000000000000e+00,7.480000000000000426e+00
1.000000000000000000e+00,4.000000000000000000e+00,8.000000000000000000e+00,6.000000000000000000e+00,9.440000000000000568e+01,1.460000000000000000e+02,6.147000000000000455e+02,1.130000000000000071e+01,2.560000000000000142e+01,4.200000000000000000e+01,4.000000000000000000e+00,0.000000000000000000e+00,0.000000000000000000e+00
6.000000000000000000e+00,5.000000000000000000e+00,9.000000000000000000e+00,3.000000000000000000e+00,9.290000000000000568e+01,1.333000000000000114e+02,6.996000000000000227e+02,9.199999999999999289e+00,2.639999999999999858e+01,2.100000000000000000e+01,4.500000000000000000e+00,0.000000000000000000e+00,0.000000000000000000e+00
8.000000000000000000e+00,6.000000000000000000e+00,8.000000000000000000e+00,7.000000000000000000e+00,9.140000000000000568e+01,1.424000000000000057e+02,6.013999999999999773e+02,1.059999999999999964e+01,1.819999999999999929e+01,4.300000000000000000e+01,4.900000000000000355e+00,0.000000000000000000e+00,0.000000000000000000e+00
7.000000000000000000e+00,4.000000000000000000e+00,8.000000000000000000e+00,6.000000000000000000e+00,9.159999999999999432e+01,2.738000000000000114e+02,8.191000000000000227e+02,7.700000000000000178e+00,1.550000000000000000e+01,7.200000000000000000e+01,8.000000000000000000e+00,0.000000000000000000e+00,1.939999999999999947e+00
4.000000000000000000e+00,4.000000000000000000e+00,9.000000000000000000e+00,6.000000000000000000e+00,9.250000000000000000e+01,8.800000000000000000e+01,6.986000000000000227e+02,7.099999999999999645e+00,1.960000000000000142e+01,4.800000000000000000e+01,2.700000000000000178e+00,0.000000000000000000e+00,0.000000000000000000e+00
4.000000000000000000e+00,4.000000000000000000e+00,8.000000000000000000e+00,3.000000000000000000e+00,9.509999999999999432e+01,1.413000000000000114e+02,6.057999999999999545e+02,1.769999999999999929e+01,2.060000000000000142e+01,5.800000000000000000e+01,1.300000000000000044e+00,0.000000000000000000e+00,0.000000000000000000e+00
6.000000000000000000e+00,5.000000000000000000e+00,4.000000000000000000e+00,4.000000000000000000e+00,8.150000000000000000e+01,9.099999999999999645e+00,5.520000000000000284e+01,2.700000000000000178e+00,5.799999999999999822e+00,5.400000000000000000e+01,5.799999999999999822e+00,0.000000000000000000e+00,4.610000000000000320e+00
8.000000000000000000e+00,6.000000000000000000e+00,3.000000000000000000e+00,5.000000000000000000e+00,9.170000000000000284e+01,3.579999999999999716e+01,8.079999999999999716e+01,7.799999999999999822e+00,1.739999999999999858e+01,2.400000000000000000e+01,5.400000000000000355e+00,0.000000000000000000e+00,0.000000000000000000e+00
3.000000000000000000e+00,4.000000000000000000e+00,3.000000000000000000e+00,6.000000000000000000e+00,6.900000000000000000e+01,2.399999999999999911e+00,1.550000000000000000e+01,6.999999999999999556e-01,1.739999999999999858e+01,2.400000000000000000e+01,5.400000000000000355e+00,0.000000000000000000e+00,0.000000000000000000e+00
6.000000000000000000e+00,5.000000000000000000e+00,2.000000000000000000e+00,2.000000000000000000e+00,7.509999999999999432e+01,4.400000000000000355e+00,1.619999999999999929e+01,1.899999999999999911e+00,4.599999999999999645e+00,8.200000000000000000e+01,6.299999999999999822e+00,0.000000000000000000e+00,5.389999999999999680e+00
1.000000000000000000e+00,3.000000000000000000e+00,9.000000000000000000e+00,1.000000000000000000e+00,8.859999999999999432e+01,9.179999999999999716e+01,7.098999999999999773e+02,7.099999999999999645e+00,1.240000000000000036e+01,7.300000000000000000e+01,6.299999999999999822e+00,0.000000000000000000e+00,3.032000000000000028e+01
9.000000000000000000e+00,4.000000000000000000e+00,7.000000000000000000e+00,1.000000000000000000e+00,9.229999999999999716e+01,9.209999999999999432e+01,4.421000000000000227e+02,9.800000000000000711e+00,2.280000000000000071e+01,2.700000000000000000e+01,4.500000000000000000e+00,0.000000000000000000e+00,1.629999999999999893e+00
6.000000000000000000e+00,5.000000000000000000e+00,4.000000000000000000e+00,1.000000000000000000e+00,8.790000000000000568e+01,2.489999999999999858e+01,4.160000000000000142e+01,3.700000000000000178e+00,1.090000000000000036e+01,6.400000000000000000e+01,3.100000000000000089e+00,0.000000000000000000e+00,3.350000000000000089e+00
1.000000000000000000e+00,4.000000000000000000e+00,9.000000000000000000e+00,6.000000000000000000e+00,9.220000000000000284e+01,1.022999999999999972e+02,7.515000000000000000e+02,8.400000000000000355e+00,2.419999999999999929e+01,2.700000000000000000e+01,3.100000000000000089e+00,0.000000000000000000e+00,0.000000000000000000e+00
4.000000000000000000e+00,4.000000000000000000e+00,9.000000000000000000e+00,5.000000000000000000e+00,9.209999999999999432e+01,9.900000000000000000e+01,7.452999999999999545e+02,9.599999999999999645e+00,2.080000000000000071e+01,3.500000000000000000e+01,4.900000000000000355e+00,0.000000000000000000e+00,1.306000000000000050e+01
7.000000000000000000e+00,4.000000000000000000e+00,9.000000000000000000e+00,6.000000000000000000e+00,9.120000000000000284e+01,1.244000000000000057e+02,7.952999999999999545e+02,8.500000000000000000e+00,2.150000000000000000e+01,2.800000000000000000e+01,4.500000000000000000e+00,0.000000000000000000e+00,1.564000000000000057e+01
6.000000000000000000e+00,3.000000000000000000e+00,4.000000000000000000e+00,7.000000000000000000e+00,9.100000000000000000e+01,1.459999999999999964e+01,2.560000000000000142e+01,1.230000000000000071e+01,1.369999999999999929e+01,3.300000000000000000e+01,9.400000000000000355e+00,0.000000000000000000e+00,6.113000000000000256e+01
2.000000000000000000e+00,5.000000000000000000e+00,8.000000000000000000e+00,5.000000000000000000e+00,9.390000000000000568e+01,1.356999999999999886e+02,5.867000000000000455e+02,1.509999999999999964e+01,2.350000000000000000e+01,3.600000000000000000e+01,5.400000000000000355e+00,0.000000000000000000e+00,1.001999999999999957e+01
6.000000000000000000e+00,6.000000000000000000e+00,8.000000000000000000e+00,1.000000000000000000e+00,9.620000000000000284e+01,1.755000000000000000e+02,6.617999999999999545e+02,1.680000000000000071e+01,2.389999999999999858e+01,4.200000000000000000e+01,2.200000000000000178e+00,0.000000000000000000e+00,0.000000000000000000e+00
3.000000000000000000e+00,4.000000000000000000e+00,8.000000000000000000e+00,1.000000000000000000e+00,9.150000000000000000e+01,1.454000000000000057e+02,6.082000000000000455e+02,1.069999999999999929e+01,1.710000000000000142e+01,4.300000000000000000e+01,5.400000000000000355e+00,0.000000000000000000e+00,0.000000000000000000e+00
4.000000000000000000e+00,4.000000000000000000e+00,9.000000000000000000e+00,4.000000000000000000e+00,9.240000000000000568e+01,9.620000000000000284e+01,7.393999999999999773e+02,8.599999999999999645e+00,1.919999999999999929e+01,2.400000000000000000e+01,4.900000000000000355e+00,0.000000000000000000e+00,3.779999999999999805e+00
1.000000000000000000e+00,3.000000000000000000e+00,8.000000000000000000e+00,5.000000000000000000e+00,9.590000000000000568e+01,1.580000000000000000e+02,6.336000000000000227e+02,1.130000000000000071e+01,3.239999999999999858e+01,2.700000000000000000e+01,2.200000000000000178e+00,0.000000000000000000e+00,0.000000000000000000e+00
8.000000000000000000e+00,4.000000000000000000e+00,8.000000000000000000e+00,6.000000000000000000e+00,9.159999999999999432e+01,2.738000000000000114e+02,8.191000000000000227e+02,7.700000000000000178e+00,2.130000000000000071e+01,4.400000000000000000e+01,4.500000000000000000e+00,0.000000000000000000e+00,1.217999999999999972e+01
2.000000000000000000e+00,5.000000000000000000e+00,9.000000000000000000e+00,1.000000000000000000e+00,9.159999999999999432e+01,1.084000000000000057e+02,7.640000000000000000e+02,6.200000000000000178e+00,1.930000000000000071e+01,4.400000000000000000e+01,2.200000000000000178e+00,0.000000000000000000e+00,3.930000000000000160e+00
2.000000000000000000e+00,2.000000000000000000e+00,8.000000000000000000e+00,4.000000000000000000e+00,9.170000000000000284e+01,1.142999999999999972e+02,6.612999999999999545e+02,6.299999999999999822e+00,1.860000000000000142e+01,4.400000000000000000e+01,4.500000000000000000e+00,0.000000000000000000e+00,0.000000000000000000e+00
6.000000000000000000e+00,5.000000000000000000e+00,9.000000000000000000e+00,4.000000000000000000e+00,9.279999999999999716e+01,1.190000000000000000e+02,7.835000000000000000e+02,7.500000000000000000e+00,1.680000000000000071e+01,2.800000000000000000e+01,4.000000000000000000e+00,0.000000000000000000e+00,1.010000000000000009e+00
1.000000000000000000e+00,2.000000000000000000e+00,9.000000000000000000e+00,4.000000000000000000e+00,9.290000000000000568e+01,1.370000000000000000e+02,7.063999999999999773e+02,9.199999999999999289e+00,2.239999999999999858e+01,3.400000000000000000e+01,2.200000000000000178e+00,0.000000000000000000e+00,0.000000000000000000e+00
1.000000000000000000e+00,5.000000000000000000e+00,9.000000000000000000e+00,7.000000000000000000e+00,9.350000000000000000e+01,1.493000000000000114e+02,7.286000000000000227e+02,8.099999999999999645e+00,2.780000000000000071e+01,2.700000000000000000e+01,3.100000000000000089e+00,0.000000000000000000e+00,9.518000000000000682e+01
5.000000000000000000e+00,4.000000000000000000e+00,9.000000000000000000e+00,5.000000000000000000e+00,9.329999999999999716e+01,1.411999999999999886e+02,7.138999999999999773e+02,1.390000000000000036e+01,2.760000000000000142e+01,3.000000000000000000e+01,1.300000000000000044e+00,0.000000000000000000e+00,0.000000000000000000e+00
2.000000000000000000e+00,4.000000000000000000e+00,8.000000000000000000e+00,3.000000000000000000e+00,9.209999999999999432e+01,1.112000000000000028e+02,6.541000000000000227e+02,9.599999999999999645e+00,2.050000000000000000e+01,3.500000000000000000e+01,4.000000000000000000e+00,0.000000000000000000e+00,1.639999999999999902e+00
2.000000000000000000e+00,2.000000000000000000e+00,9.000000000000000000e+00,1.000000000000000000e+00,9.150000000000000000e+01,1.300999999999999943e+02,8.071000000000000227e+02,7.500000000000000000e+00,1.680000000000000071e+01,4.300000000000000000e+01,3.100000000000000089e+00,0.000000000000000000e+00,5.830000000000000071e+00
4.000000000000000000e+00,5.000000000000000000e+00,8.000000000000000000e+00,1.000000000000000000e+00,9.620000000000000284e+01,1.755000000000000000e+02,6.617999999999999545e+02,1.680000000000000071e+01,3.260000000000000142e+01,2.600000000000000000e+01,3.100000000000000089e+00,0.000000000000000000e+00,2.770000000000000018e+00
8.000000000000000000e+00,5.000000000000000000e+00,8.000000000000000000e+00,3.000000000000000000e+00,9.309999999999999432e+01,1.573000000000000114e+02,6.667000000000000455e+02,1.350000000000000000e+01,2.400000000000000000e+01,3.600000000000000000e+01,3.100000000000000089e+00,0.000000000000000000e+00,2.399999999999999911e-01
5.000000000000000000e+00,4.000000000000000000e+00,8.000000000000000000e+00,7.000000000000000000e+00,9.179999999999999716e+01,1.750999999999999943e+02,7.007000000000000455e+02,1.380000000000000071e+01,2.569999999999999929e+01,3.900000000000000000e+01,5.400000000000000355e+00,0.000000000000000000e+00,8.999999999999999667e-02
1.000000000000000000e+00,2.000000000000000000e+00,7.000000000000000000e+00,6.000000000000000000e+00,9.000000000000000000e+01,5.129999999999999716e+01,2.963000000000000114e+02,8.699999999999999289e+00,1.660000000000000142e+01,5.300000000000000000e+01,5.400000000000000355e+00,0.000000000000000000e+00,7.099999999999999645e-01
4.000000000000000000e+00,6.000000000000000000e+00,9.000000000000000000e+00,7.000000000000000000e+00,9.350000000000000000e+01,1.493000000000000114e+02,7.286000000000000227e+02,8.099999999999999645e+00,2.830000000000000071e+01,2.600000000000000000e+01,3.100000000000000089e+00,0.000000000000000000e+00,6.409999999999999432e+01
3.000000000000000000e+00,4.000000000000000000e+00,9.000000000000000000e+00,5.000000000000000000e+00,9.209999999999999432e+01,9.900000000000000000e+01,7.452999999999999545e+02,9.599999999999999645e+00,1.739999999999999858e+01,5.700000000000000000e+01,4.500000000000000000e+00,0.000000000000000000e+00,0.000000000000000000e+00
1.000000000000000000e+00,4.000000000000000000e+00,9.000000000000000000e+00,7.000000000000000000e+00,9.100000000000000000e+01,2.763000000000000114e+02,8.251000000000000227e+02,7.099999999999999645e+00,1.450000000000000000e+01,7.600000000000000000e+01,7.599999999999999645e+00,0.000000000000000000e+00,3.709999999999999964e+00
8.000000000000000000e+00,6.000000000000000000e+00,3.000000000000000000e+00,5.000000000000000000e+00,9.170000000000000284e+01,3.329999999999999716e+01,7.750000000000000000e+01,9.000000000000000000e+00,8.300000000000000711e+00,9.700000000000000000e+01,4.000000000000000000e+00,2.000000000000000111e-01,0.000000000000000000e+00
2.000000000000000000e+00,5.000000000000000000e+00,7.000000000000000000e+00,6.000000000000000000e+00,9.079999999999999716e+01,8.470000000000000284e+01,3.766000000000000227e+02,5.599999999999999645e+00,2.380000000000000071e+01,5.100000000000000000e+01,1.800000000000000044e+00,0.000000000000000000e+00,0.000000000000000000e+00
2.000000000000000000e+00,4.000000000000000000e+00,8.000000000000000000e+00,3.000000000000000000e+00,9.450000000000000000e+01,1.394000000000000057e+02,6.891000000000000227e+02,2.000000000000000000e+01,2.919999999999999929e+01,3.000000000000000000e+01,4.900000000000000355e+00,0.000000000000000000e+00,1.949999999999999956e+00
7.000000000000000000e+00,6.000000000000000000e+00,7.000000000000000000e+00,3.000000000000000000e+00,9.120000000000000284e+01,1.830999999999999943e+02,4.376999999999999886e+02,1.250000000000000000e+01,1.259999999999999964e+01,9.000000000000000000e+01,7.599999999999999645e+00,2.000000000000000111e-01,0.000000000000000000e+00
2.000000000000000000e+00,4.000000000000000000e+00,8.000000000000000000e+00,7.000000000000000000e+00,9.179999999999999716e+01,1.750999999999999943e+02,7.007000000000000455e+02,1.380000000000000071e+01,2.239999999999999858e+01,5.400000000000000000e+01,7.599999999999999645e+00,0.000000000000000000e+00,2.870000000000000107e+00
7.000000000000000000e+00,4.000000000000000000e+00,8.000000000000000000e+00,7.000000000000000000e+00,9.140000000000000568e+01,1.424000000000000057e+02,6.013999999999999773e+02,1.059999999999999964e+01,2.010000000000000142e+01,3.900000000000000000e+01,5.400000000000000355e+00,0.000000000000000000e+00,2.740000000000000213e+00
5.000000000000000000e+00,4.000000000000000000e+00,9.000000000000000000e+00,5.000000000000000000e+00,9.209999999999999432e+01,9.900000000000000000e+01,7.452999999999999545e+02,9.599999999999999645e+00,1.009999999999999964e+01,7.500000000000000000e+01,3.600000000000000089e+00,0.000000000000000000e+00,0.000000000000000000e+00
5.000000000000000000e+00,5.000000000000000000e+00,3.000000000000000000e+00,6.000000000000000000e+00,9.170000000000000284e+01,3.579999999999999716e+01,8.079999999999999716e+01,7.799999999999999822e+00,1.509999999999999964e+01,2.700000000000000000e+01,5.400000000000000355e+00,0.000000000000000000e+00,0.000000000000000000e+00
8.000000000000000000e+00,6.000000000000000000e+00,8.000000000000000000e+00,7.000000000000000000e+00,9.140000000000000568e+01,1.424000000000000057e+02,6.013999999999999773e+02,1.059999999999999964e+01,1.960000000000000142e+01,4.100000000000000000e+01,5.799999999999999822e+00,0.000000000000000000e+00,1.964799999999999898e+02
7.000000000000000000e+00,4.000000000000000000e+00,9.000000000000000000e+00,5.000000000000000000e+00,8.820000000000000284e+01,5.520000000000000284e+01,7.322999999999999545e+02,1.159999999999999964e+01,1.519999999999999929e+01,6.400000000000000000e+01,3.100000000000000089e+00,0.000000000000000000e+00,5.200000000000000178e-01
3.000000000000000000e+00,6.000000000000000000e+00,6.000000000000000000e+00,5.000000000000000000e+00,9.109999999999999432e+01,9.409999999999999432e+01,2.320999999999999943e+02,7.099999999999999645e+00,1.919999999999999929e+01,3.800000000000000000e+01,4.500000000000000000e+00,0.000000000000000000e+00,0.000000000000000000e+00
2.000000000000000000e+00,5.000000000000000000e+00,9.000000000000000000e+00,3.000000000000000000e+00,9.009999999999999432e+01,8.290000000000000568e+01,7.357000000000000455e+02,6.200000000000000178e+00,1.830000000000000071e+01,4.500000000000000000e+01,2.200000000000000178e+00,0.000000000000000000e+00,4.879999999999999893e+00
8.000000000000000000e+00,6.000000000000000000e+00,3.000000000000000000e+00,7.000000000000000000e+00,8.929999999999999716e+01,5.129999999999999716e+01,1.022000000000000028e+02,9.599999999999999645e+00,1.140000000000000036e+01,9.900000000000000000e+01,1.800000000000000044e+00,0.000000000000000000e+00,0.000000000000000000e+00
4.000000000000000000e+00,6.000000000000000000e+00,3.000000000000000000e+00,7.000000000000000000e+00,8.929999999999999716e+01,5.129999999999999716e+01,1.022000000000000028e+02,9.599999999999999645e+00,1.059999999999999964e+01,4.600000000000000000e+01,4.900000000000000355e+00,0.000000000000000000e+00,0.000000000000000000e+00
6.000000000000000000e+00,5.000000000000000000e+00,1.200000000000000000e+01,2.000000000000000000e+00,8.540000000000000568e+01,2.539999999999999858e+01,3.496999999999999886e+02,2.600000000000000089e+00,5.099999999999999645e+00,2.400000000000000000e+01,8.500000000000000000e+00,0.000000000000000000e+00,2.476999999999999957e+01
6.000000000000000000e+00,3.000000000000000000e+00,8.000000000000000000e+00,4.000000000000000000e+00,9.159999999999999432e+01,1.380999999999999943e+02,6.217000000000000455e+02,6.299999999999999822e+00,1.889999999999999858e+01,4.100000000000000000e+01,3.100000000000000089e+00,0.000000000000000000e+00,1.033999999999999986e+01
1.000000000000000000e+00,2.000000000000000000e+00,9.000000000000000000e+00,7.000000000000000000e+00,9.350000000000000000e+01,1.493000000000000114e+02,7.286000000000000227e+02,8.099999999999999645e+00,2.530000000000000071e+01,3.600000000000000000e+01,3.600000000000000089e+00,0.000000000000000000e+00,0.000000000000000000e+00
7.000000000000000000e+00,4.000000000000000000e+00,8.000000000000000000e+00,5.000000000000000000e+00,9.479999999999999716e+01,2.270000000000000000e+02,7.067000000000000455e+02,1.200000000000000000e+01,2.330000000000000071e+01,3.400000000000000000e+01,3.100000000000000089e+00,0.000000000000000000e+00,0.000000000000000000e+00
4.000000000000000000e+00,3.000000000000000000e+00,3.000000000000000000e+00,1.000000000000000000e+00,8.759999999999999432e+01,5.220000000000000284e+01,1.037999999999999972e+02,5.000000000000000000e+00,1.100000000000000000e+01,4.600000000000000000e+01,5.799999999999999822e+00,0.000000000000000000e+00,3.685000000000000142e+01
3.000000000000000000e+00,4.000000000000000000e+00,9.000000000000000000e+00,7.000000000000000000e+00,9.240000000000000568e+01,1.240999999999999943e+02,6.807000000000000455e+02,8.500000000000000000e+00,2.250000000000000000e+01,4.200000000000000000e+01,5.400000000000000355e+00,0.000000000000000000e+00,0.000000000000000000e+00
7.000000000000000000e+00,4.000000000000000000e+00,8.000000000000000000e+00,7.000000000000000000e+00,9.159999999999999432e+01,1.813000000000000114e+02,6.130000000000000000e+02,7.599999999999999645e+00,1.930000000000000071e+01,6.100000000000000000e+01,4.900000000000000355e+00,0.000000000000000000e+00,0.000000000000000000e+00
5.000000000000000000e+00,6.000000000000000000e+00,8.000000000000000000e+00,7.000000000000000000e+00,9.159999999999999432e+01,1.813000000000000114e+02,6.130000000000000000e+02,7.599999999999999645e+00,2.430000000000000071e+01,3.300000000000000000e+01,3.600000000000000089e+00,0.000000000000000000e+00,3.629999999999999893e+00
4.000000000000000000e+00,4.000000000000000000e+00,1.200000000000000000e+01,1.000000000000000000e+00,8.540000000000000568e+01,2.539999999999999858e+01,3.496999999999999886e+02,2.600000000000000089e+00,4.599999999999999645e+00,2.100000000000000000e+01,8.500000000000000000e+00,0.000000000000000000e+00,1.785000000000000142e+01
3.000000000000000000e+00,4.000000000000000000e+00,8.000000000000000000e+00,3.000000000000000000e+00,9.309999999999999432e+01,1.573000000000000114e+02,6.667000000000000455e+02,1.350000000000000000e+01,2.169999999999999929e+01,4.000000000000000000e+01,4.000000000000000222e-01,0.000000000000000000e+00,2.470000000000000195e+00
2.000000000000000000e+00,4.000000000000000000e+00,8.000000000000000000e+00,7.000000000000000000e+00,9.420000000000000284e+01,1.222999999999999972e+02,5.898999999999999773e+02,1.290000000000000036e+01,1.540000000000000036e+01,6.600000000000000000e+01,4.000000000000000000e+00,0.000000000000000000e+00,1.013000000000000078e+01
8.000000000000000000e+00,6.000000000000000000e+00,9.000000000000000000e+00,1.000000000000000000e+00,9.150000000000000000e+01,1.300999999999999943e+02,8.071000000000000227e+02,7.500000000000000000e+00,1.590000000000000036e+01,5.100000000000000000e+01,4.500000000000000000e+00,0.000000000000000000e+00,2.180000000000000160e+00
1.000000000000000000e+00,5.000000000000000000e+00,9.000000000000000000e+00,6.000000000000000000e+00,9.340000000000000568e+01,1.454000000000000057e+02,7.213999999999999773e+02,8.099999999999999645e+00,2.960000000000000142e+01,2.700000000000000000e+01,2.700000000000000178e+00,0.000000000000000000e+00,1.459999999999999964e+00
5.000000000000000000e+00,4.000000000000000000e+00,8.000000000000000000e+00,2.000000000000000000e+00,9.509999999999999432e+01,1.413000000000000114e+02,6.057999999999999545e+02,1.769999999999999929e+01,2.410000000000000142e+01,4.300000000000000000e+01,6.299999999999999822e+00,0.000000000000000000e+00,2.000000000000000000e+00
7.000000000000000000e+00,5.000000000000000000e+00,9.000000000000000000e+00,2.000000000000000000e+00,9.100000000000000000e+01,1.295000000000000000e+02,6.926000000000000227e+02,7.000000000000000000e+00,2.069999999999999929e+01,3.700000000000000000e+01,2.200000000000000178e+00,0.000000000000000000e+00,1.719999999999999929e+01
8.000000000000000000e+00,6.000000000000000000e+00,8.000000000000000000e+00,5.000000000000000000e+00,9.009999999999999432e+01,1.080000000000000000e+02,5.297999999999999545e+02,1.250000000000000000e+01,2.119999999999999929e+01,5.100000000000000000e+01,8.900000000000000355e+00,0.000000000000000000e+00,6.099999999999999867e-01
3.000000000000000000e+00,4.000000000000000000e+00,3.000000000000000000e+00,6.000000000000000000e+00,9.170000000000000284e+01,3.579999999999999716e+01,8.079999999999999716e+01,7.799999999999999822e+00,1.519999999999999929e+01,2.700000000000000000e+01,4.900000000000000355e+00,0.000000000000000000e+00,0.000000000000000000e+00
2.000000000000000000e+00,4.000000000000000000e+00,9.000000000000000000e+00,6.000000000000000000e+00,9.340000000000000568e+01,1.454000000000000057e+02,7.213999999999999773e+02,8.099999999999999645e+00,2.860000000000000142e+01,2.700000000000000000e+01,2.200000000000000178e+00,0.000000000000000000e+00,1.610000000000000098e+00
7.000000000000000000e+00,3.000000000000000000e+00,1.000000000000000000e+01,6.000000000000000000e+00,9.059999999999999432e+01,4.370000000000000284e+01,6.868999999999999773e+02,6.700000000000000178e+00,1.780000000000000071e+01,2.700000000000000000e+01,4.000000000000000000e+00,0.000000000000000000e+00,0.000000000000000000e+00
3.000000000000000000e+00,4.000000000000000000e+00,9.000000000000000000e+00,7.000000000000000000e+00,8.970000000000000284e+01,9.000000000000000000e+01,7.043999999999999773e+02,4.799999999999999822e+00,2.280000000000000071e+01,3.900000000000000000e+01,3.600000000000000089e+00,0.000000000000000000e+00,0.000000000000000000e+00
4.000000000000000000e+00,5.000000000000000000e+00,9.000000000000000000e+00,2.000000000000000000e+00,9.109999999999999432e+01,1.323000000000000114e+02,8.121000000000000227e+02,1.250000000000000000e+01,1.590000000000000036e+01,3.800000000000000000e+01,5.400000000000000355e+00,0.000000000000000000e+00,1.750000000000000000e+00
4.000000000000000000e+00,5.000000000000000000e+00,9.000000000000000000e+00,7.000000000000000000e+00,9.100000000000000000e+01,2.763000000000000114e+02,8.251000000000000227e+02,7.099999999999999645e+00,1.380000000000000071e+01,7.700000000000000000e+01,7.599999999999999645e+00,0.000000000000000000e+00,0.000000000000000000e+00
8.000000000000000000e+00,6.000000000000000000e+00,3.000000000000000000e+00,7.000000000000000000e+00,8.929999999999999716e+01,5.129999999999999716e+01,1.022000000000000028e+02,9.599999999999999645e+00,1.150000000000000000e+01,3.900000000000000000e+01,5.799999999999999822e+00,0.000000000000000000e+00,7.190000000000000391e+00
6.000000000000000000e+00,5.000000000000000000e+00,9.000000000000000000e+00,5.000000000000000000e+00,9.250000000000000000e+01,1.220000000000000000e+02,7.897000000000000455e+02,1.019999999999999929e+01,1.839999999999999858e+01,4.200000000000000000e+01,2.200000000000000178e+00,0.000000000000000000e+00,1.090000000000000080e+00
7.000000000000000000e+00,4.000000000000000000e+00,8.000000000000000000e+00,6.000000000000000000e+00,9.350000000000000000e+01,1.394000000000000057e+02,5.942000000000000455e+02,2.030000000000000071e+01,2.369999999999999929e+01,3.200000000000000000e+01,5.799999999999999822e+00,0.000000000000000000e+00,0.000000000000000000e+00
8.000000000000000000e+00,6.000000000000000000e+00,8.000000000000000000e+00,4.000000000000000000e+00,9.479999999999999716e+01,2.224000000000000057e+02,6.986000000000000227e+02,1.390000000000000036e+01,2.750000000000000000e+01,2.700000000000000000e+01,4.900000000000000355e+00,0.000000000000000000e+00,7.462799999999999727e+02
2.000000000000000000e+00,5.000000000000000000e+00,8.000000000000000000e+00,4.000000000000000000e+00,9.520000000000000284e+01,1.316999999999999886e+02,5.787999999999999545e+02,1.040000000000000036e+01,2.419999999999999929e+01,2.800000000000000000e+01,2.700000000000000178e+00,0.000000000000000000e+00,8.679999999999999716e+00
6.000000000000000000e+00,5.000000000000000000e+00,9.000000000000000000e+00,6.000000000000000000e+00,9.220000000000000284e+01,1.022999999999999972e+02,7.515000000000000000e+02,8.400000000000000355e+00,1.969999999999999929e+01,3.500000000000000000e+01,1.800000000000000044e+00,0.000000000000000000e+00,0.000000000000000000e+00
6.000000000000000000e+00,3.000000000000000000e+00,8.000000000000000000e+00,5.000000000000000000e+00,9.109999999999999432e+01,1.410999999999999943e+02,6.291000000000000227e+02,7.099999999999999645e+00,1.930000000000000071e+01,3.900000000000000000e+01,3.600000000000000089e+00,0.000000000000000000e+00,1.560000000000000053e+00
3.000000000000000000e+00,6.000000000000000000e+00,6.000000000000000000e+00,5.000000000000000000e+00,9.109999999999999432e+01,9.409999999999999432e+01,2.320999999999999943e+02,7.099999999999999645e+00,1.919999999999999929e+01,3.800000000000000000e+01,4.500000000000000000e+00,0.000000000000000000e+00,0.000000000000000000e+00
6.000000000000000000e+00,3.000000000000000000e+00,9.000000000000000000e+00,5.000000000000000000e+00,9.250000000000000000e+01,1.220000000000000000e+02,7.897000000000000455e+02,1.019999999999999929e+01,1.590000000000000036e+01,5.500000000000000000e+01,3.600000000000000089e+00,0.000000000000000000e+00,0.000000000000000000e+00
4.000000000000000000e+00,4.000000000000000000e+00,8.000000000000000000e+00,5.000000000000000000e+00,9.429999999999999716e+01,1.675999999999999943e+02,6.843999999999999773e+02,1.300000000000000000e+01,2.180000000000000071e+01,5.300000000000000000e+01,3.100000000000000089e+00,0.000000000000000000e+00,6.540000000000000036e+00
2.000000000000000000e+00,5.000000000000000000e+00,8.000000000000000000e+00,4.000000000000000000e+00,8.750000000000000000e+01,7.700000000000000000e+01,6.947999999999999545e+02,5.000000000000000000e+00,2.230000000000000071e+01,4.600000000000000000e+01,4.000000000000000000e+00,0.000000000000000000e+00,0.000000000000000000e+00
4.000000000000000000e+00,4.000000000000000000e+00,8.000000000000000000e+00,2.000000000000000000e+00,9.209999999999999432e+01,1.525999999999999943e+02,6.582000000000000455e+02,1.430000000000000071e+01,1.910000000000000142e+01,5.300000000000000000e+01,2.700000000000000178e+00,0.000000000000000000e+00,4.400000000000000355e+00
3.000000000000000000e+00,4.000000000000000000e+00,9.000000000000000000e+00,2.000000000000000000e+00,8.440000000000000568e+01,7.340000000000000568e+01,6.718999999999999773e+02,3.200000000000000178e+00,1.789999999999999858e+01,4.500000000000000000e+01,3.100000000000000089e+00,0.000000000000000000e+00,0.000000000000000000e+00
