3.000000000000000000e+00,4.000000000000000000e+00,7.000000000000000000e+00,6.000000000000000000e+00,9.009999999999999432e+01,5.120000000000000284e+01,4.241000000000000227e+02,6.200000000000000178e+00,2.460000000000000142e+01,4.300000000000000000e+01,1.800000000000000044e+00,0.000000000000000000e+00,1.429999999999999938e+00
2.000000000000000000e+00,4.000000000000000000e+00,9.000000000000000000e+00,7.000000000000000000e+00,9.240000000000000568e+01,1.057999999999999972e+02,7.581000000000000227e+02,9.900000000000000355e+00,1.600000000000000000e+01,4.500000000000000000e+01,1.800000000000000044e+00,0.000000000000000000e+00,0.000000000000000000e+00
5.000000000000000000e+00,4.000000000000000000e+00,8.000000000000000000e+00,2.000000000000000000e+00,9.509999999999999432e+01,1.413000000000000114e+02,6.057999999999999545e+02,1.769999999999999929e+01,2.639999999999999858e+01,3.400000000000000000e+01,3.600000000000000089e+00,0.000000000000000000e+00,1.639999999999999858e+01
5.000000000000000000e+00,4.000000000000000000e+00,9.000000000000000000e+00,6.000000000000000000e+00,9.220000000000000284e+01,1.022999999999999972e+02,7.515000000000000000e+02,8.400000000000000355e+00,2.410000000000000142e+01,2.700000000000000000e+01,3.100000000000000089e+00,0.000000000000000000e+00,0.000000000000000000e+00
1.000000000000000000e+00,4.000000000000000000e+00,8.000000000000000000e+00,6.000000000000000000e+00,9.020000000000000284e+01,9.690000000000000568e+01,6.242000000000000455e+02,8.900000000000000355e+00,1.419999999999999929e+01,5.300000000000000000e+01,1.800000000000000044e+00,0.000000000000000000e+00,3.500000000000000000e+00
2.000000000000000000e+00,4.000000000000000000e+00,8.000000000000000000e+00,1.000000000000000000e+00,9.209999999999999432e+01,2.070000000000000000e+02,6.726000000000000227e+02,8.199999999999999289e+00,2.789999999999999858e+01,3.300000000000000000e+01,2.200000000000000178e+00,0.000000000000000000e+00,2.350000000000000089e+00
2.000000000000000000e+00,2.000000000000000000e+00,8.000000000000000000e+00,2.000000000000000000e+00,9.479999999999999716e+01,1.082999999999999972e+02,6.471000000000000227e+02,1.700000000000000000e+01,2.460000000000000142e+01,2.200000000000000000e+01,4.500000000000000000e+00,0.000000000000000000e+00,8.710000000000000853e+00
8.000000000000000000e+00,6.000000000000000000e+00,8.000000000000000000e+00,6.000000000000000000e+00,9.420000000000000284e+01,1.172000000000000028e+02,5.811000000000000227e+02,1.100000000000000000e+01,2.389999999999999858e+01,4.100000000000000000e+01,2.200000000000000178e+00,0.000000000000000000e+00,8.019999999999999574e+00
2.000000000000000000e+00,4.000000000000000000e+00,8.000000000000000000e+00,4.000000000000000000e+00,9.159999999999999432e+01,2.484000000000000057e+02,7.537999999999999545e+02,6.299999999999999822e+00,1.660000000000000142e+01,5.900000000000000000e+01,2.700000000000000178e+00,0.000000000000000000e+00,0.000000000000000000e+00
6.000000000000000000e+00,6.000000000000000000e+00,8.000000000000000000e+00,6.000000000000000000e+00,9.600000000000000000e+01,1.640000000000000000e+02,6.430000000000000000e+02,1.400000000000000000e+01,3.080000000000000071e+01,3.000000000000000000e+01,4.900000000000000355e+00,0.000000000000000000e+00,8.589999999999999858e+00
4.000000000000000000e+00,5.000000000000000000e+00,9.000000000000000000e+00,2.000000000000000000e+00,9.109999999999999432e+01,1.323000000000000114e+02,8.121000000000000227e+02,1.250000000000000000e+01,1.639999999999999858e+01,2.700000000000000000e+01,3.600000000000000089e+00,0.000000000000000000e+00,0.000000000000000000e+00
4.000000000000000000e+00,3.000000000000000000e+00,8.000000000000000000e+00,3.000000000000000000e+00,9.209999999999999432e+01,1.112000000000000028e+02,6.541000000000000227e+02,9.599999999999999645e+00,2.039999999999999858e+01,4.200000000000000000e+01,4.900000000000000355e+00,0.000000000000000000e+00,0.000000000000000000e+00
1.000000000000000000e+00,2.000000000000000000e+00,8.000000000000000000e+00,4.000000000000000000e+00,9.100000000000000000e+01,1.631999999999999886e+02,7.443999999999999773e+02,1.009999999999999964e+01,2.669999999999999929e+01,3.500000000000000000e+01,1.800000000000000044e+00,0.000000000000000000e+00,5.799999999999999822e+00
7.000000000000000000e+00,4.000000000000000000e+00,6.000000000000000000e+00,7.000000000000000000e+00,9.429999999999999716e+01,9.629999999999999716e+01,2.000000000000000000e+02,5.610000000000000142e+01,2.100000000000000000e+01,4.400000000000000000e+01,4.500000000000000000e+00,0.000000000000000000e+00,0.000000000000000000e+00
3.000000000000000000e+00,5.000000000000000000e+00,3.000000000000000000e+00,2.000000000000000000e+00,8.809999999999999432e+01,2.569999999999999929e+01,6.759999999999999432e+01,3.799999999999999822e+00,1.490000000000000036e+01,3.800000000000000000e+01,2.700000000000000178e+00,0.000000000000000000e+00,0.000000000000000000e+00
4.000000000000000000e+00,4.000000000000000000e+00,9.000000000000000000e+00,5.000000000000000000e+00,9.209999999999999432e+01,9.900000000000000000e+01,7.452999999999999545e+02,9.599999999999999645e+00,1.540000000000000036e+01,5.300000000000000000e+01,6.299999999999999822e+00,0.000000000000000000e+00,7.309999999999999609e+00
1.000000000000000000e+00,3.000000000000000000e+00,8.000000000000000000e+00,5.000000000000000000e+00,9.590000000000000568e+01,1.580000000000000000e+02,6.336000000000000227e+02,1.130000000000000071e+01,2.750000000000000000e+01,2.900000000000000000e+01,4.500000000000000000e+00,0.000000000000000000e+00,4.332000000000000028e+01
2.000000000000000000e+00,2.000000000000000000e+00,3.000000000000000000e+00,7.000000000000000000e+00,8.929999999999999716e+01,5.129999999999999716e+01,1.022000000000000028e+02,9.599999999999999645e+00,5.500000000000000000e+00,5.900000000000000000e+01,6.299999999999999822e+00,0.000000000000000000e+00,0.000000000000000000e+00
3.000000000000000000e+00,5.000000000000000000e+00,3.000000000000000000e+00,2.000000000000000000e+00,8.809999999999999432e+01,2.569999999999999929e+01,6.759999999999999432e+01,3.799999999999999822e+00,1.550000000000000000e+01,2.700000000000000000e+01,6.299999999999999822e+00,0.000000000000000000e+00,0.000000000000000000e+00
2.000000000000000000e+00,2.000000000000000000e+00,8.000000000000000000e+00,6.000000000000000000e+00,9.370000000000000284e+01,2.310999999999999943e+02,7.151000000000000227e+02,8.400000000000000355e+00,2.189999999999999858e+01,4.200000000000000000e+01,2.200000000000000178e+00,0.000000000000000000e+00,1.746299999999999955e+02
8.000000000000000000e+00,3.000000000000000000e+00,9.000000000000000000e+00,4.000000000000000000e+00,9.370000000000000284e+01,8.090000000000000568e+01,6.852000000000000455e+02,1.789999999999999858e+01,2.319999999999999929e+01,2.600000000000000000e+01,4.900000000000000355e+00,0.000000000000000000e+00,2.341000000000000014e+01
7.000000000000000000e+00,4.000000000000000000e+00,9.000000000000000000e+00,1.000000000000000000e+00,9.090000000000000568e+01,1.265000000000000000e+02,6.865000000000000000e+02,7.000000000000000000e+00,1.939999999999999858e+01,4.800000000000000000e+01,1.300000000000000044e+00,0.000000000000000000e+00,0.000000000000000000e+00
3.000000000000000000e+00,5.000000000000000000e+00,9.000000000000000000e+00,5.000000000000000000e+00,9.350000000000000000e+01,1.493000000000000114e+02,7.286000000000000227e+02,8.099999999999999645e+00,1.719999999999999929e+01,4.300000000000000000e+01,3.100000000000000089e+00,0.000000000000000000e+00,0.000000000000000000e+00
4.000000000000000000e+00,4.000000000000000000e+00,9.000000000000000000e+00,5.000000000000000000e+00,9.209999999999999432e+01,9.900000000000000000e+01,7.452999999999999545e+02,9.599999999999999645e+00,2.080000000000000071e+01,3.500000000000000000e+01,4.900000000000000355e+00,0.000000000000000000e+00,1.260000000000000009e+00
5.000000000000000000e+00,6.000000000000000000e+00,9.000000000000000000e+00,3.000000000000000000e+00,9.429999999999999716e+01,8.509999999999999432e+01,6.922999999999999545e+02,1.590000000000000036e+01,2.589999999999999858e+01,2.400000000000000000e+01,4.000000000000000000e+00,0.000000000000000000e+00,0.000000000000000000e+00
2.000000000000000000e+00,4.000000000000000000e+00,8.000000000000000000e+00,7.000000000000000000e+00,9.200000000000000000e+01,2.031999999999999886e+02,6.645000000000000000e+02,8.099999999999999645e+00,2.489999999999999858e+01,4.200000000000000000e+01,5.400000000000000355e+00,0.000000000000000000e+00,2.439999999999999947e+00
1.000000000000000000e+00,4.000000000000000000e+00,7.000000000000000000e+00,2.000000000000000000e+00,9.229999999999999716e+01,9.620000000000000284e+01,4.501999999999999886e+02,1.209999999999999964e+01,2.339999999999999858e+01,3.100000000000000000e+01,5.400000000000000355e+00,0.000000000000000000e+00,0.000000000000000000e+00
6.000000000000000000e+00,5.000000000000000000e+00,5.000000000000000000e+00,6.000000000000000000e+00,8.509999999999999432e+01,2.800000000000000000e+01,1.137999999999999972e+02,3.500000000000000000e+00,1.130000000000000071e+01,9.400000000000000000e+01,4.900000000000000355e+00,0.000000000000000000e+00,0.000000000000000000e+00
8.000000000000000000e+00,6.000000000000000000e+00,1.200000000000000000e+01,3.000000000000000000e+00,8.400000000000000000e+01,2.780000000000000071e+01,3.546000000000000227e+02,5.299999999999999822e+00,5.099999999999999645e+00,6.100000000000000000e+01,8.000000000000000000e+00,0.000000000000000000e+00,1.118999999999999950e+01
4.000000000000000000e+00,5.000000000000000000e+00,9.000000000000000000e+00,5.000000000000000000e+00,9.429999999999999716e+01,8.509999999999999432e+01,6.922999999999999545e+02,1.590000000000000036e+01,1.769999999999999929e+01,3.700000000000000000e+01,3.600000000000000089e+00,0.000000000000000000e+00,0.000000000000000000e+00
7.000000000000000000e+00,4.000000000000000000e+00,2.000000000000000000e+00,5.000000000000000000e+00,8.459999999999999432e+01,3.200000000000000178e+00,4.360000000000000142e+01,3.299999999999999822e+00,8.199999999999999289e+00,5.300000000000000000e+01,9.400000000000000355e+00,0.000000000000000000e+00,4.620000000000000107e+00
7.000000000000000000e+00,4.000000000000000000e+00,9.000000000000000000e+00,5.000000000000000000e+00,9.209999999999999432e+01,9.900000000000000000e+01,7.452999999999999545e+02,9.599999999999999645e+00,2.060000000000000142e+01,4.300000000000000000e+01,3.600000000000000089e+00,0.000000000000000000e+00,2.029999999999999805e+00
2.000000000000000000e+00,2.000000000000000000e+00,7.000000000000000000e+00,5.000000000000000000e+00,8.829999999999999716e+01,1.503000000000000114e+02,3.098999999999999773e+02,6.799999999999999822e+00,1.340000000000000036e+01,7.900000000000000000e+01,3.600000000000000089e+00,0.000000000000000000e+00,3.702000000000000313e+01
2.000000000000000000e+00,4.000000000000000000e+00,8.000000000000000000e+00,5.000000000000000000e+00,9.100000000000000000e+01,1.669000000000000057e+02,7.526000000000000227e+02,7.099999999999999645e+00,2.589999999999999858e+01,4.100000000000000000e+01,3.600000000000000089e+00,0.000000000000000000e+00,0.000000000000000000e+00
4.000000000000000000e+00,5.000000000000000000e+00,9.000000000000000000e+00,3.000000000000000000e+00,9.290000000000000568e+01,1.333000000000000114e+02,6.996000000000000227e+02,9.199999999999999289e+00,2.430000000000000071e+01,2.500000000000000000e+01,4.000000000000000000e+00,0.000000000000000000e+00,9.410000000000000142e+00
2.000000000000000000e+00,4.000000000000000000e+00,8.000000000000000000e+00,7.000000000000000000e+00,9.359999999999999432e+01,2.350999999999999943e+02,7.231000000000000227e+02,1.009999999999999964e+01,2.089999999999999858e+01,6.600000000000000000e+01,4.900000000000000355e+00,0.000000000000000000e+00,1.533999999999999986e+01
2.000000000000000000e+00,4.000000000000000000e+00,3.000000000000000000e+00,2.000000000000000000e+00,9.340000000000000568e+01,1.500000000000000000e+01,2.560000000000000142e+01,1.140000000000000036e+01,1.519999999999999929e+01,1.900000000000000000e+01,7.599999999999999645e+00,0.000000000000000000e+00,0.000000000000000000e+00
5.000000000000000000e+00,5.000000000000000000e+00,3.000000000000000000e+00,4.000000000000000000e+00,9.090000000000000568e+01,1.889999999999999858e+01,3.060000000000000142e+01,8.000000000000000000e+00,1.159999999999999964e+01,4.800000000000000000e+01,5.400000000000000355e+00,0.000000000000000000e+00,0.000000000000000000e+00
2.000000000000000000e+00,2.000000000000000000e+00,2.000000000000000000e+00,5.000000000000000000e+00,8.659999999999999432e+01,1.319999999999999929e+01,4.300000000000000000e+01,5.299999999999999822e+00,1.230000000000000071e+01,5.100000000000000000e+01,9.000000000000000222e-01,0.000000000000000000e+00,0.000000000000000000e+00
4.000000000000000000e+00,3.000000000000000000e+00,9.000000000000000000e+00,7.000000000000000000e+00,9.050000000000000000e+01,9.670000000000000284e+01,7.505000000000000000e+02,1.140000000000000036e+01,2.039999999999999858e+01,5.500000000000000000e+01,4.900000000000000355e+00,0.000000000000000000e+00,3.640000000000000124e+00
3.000000000000000000e+00,4.000000000000000000e+00,9.000000000000000000e+00,5.000000000000000000e+00,9.329999999999999716e+01,1.411999999999999886e+02,7.138999999999999773e+02,1.390000000000000036e+01,1.860000000000000142e+01,4.900000000000000000e+01,3.600000000000000089e+00,0.000000000000000000e+00,3.588000000000000256e+01
3.000000000000000000e+00,4.000000000000000000e+00,8.000000000000000000e+00,6.000000000000000000e+00,9.179999999999999716e+01,1.709000000000000057e+02,6.922999999999999545e+02,1.369999999999999929e+01,2.060000000000000142e+01,5.900000000000000000e+01,9.000000000000000222e-01,0.000000000000000000e+00,0.000000000000000000e+00
3.000000000000000000e+00,6.000000000000000000e+00,9.000000000000000000e+00,7.000000000000000000e+00,9.240000000000000568e+01,1.240999999999999943e+02,6.807000000000000455e+02,8.500000000000000000e+00,1.719999999999999929e+01,5.800000000000000000e+01,1.300000000000000044e+00,0.000000000000000000e+00,0.000000000000000000e+00
7.000000000000000000e+00,4.000000000000000000e+00,1.000000000000000000e+01,1.000000000000000000e+00,9.170000000000000284e+01,4.850000000000000000e+01,6.961000000000000227e+02,1.109999999999999964e+01,1.680000000000000071e+01,4.500000000000000000e+01,4.500000000000000000e+00,0.000000000000000000e+00,6.830000000000000071e+00
3.000000000000000000e+00,4.000000000000000000e+00,8.000000000000000000e+00,1.000000000000000000e+00,9.150000000000000000e+01,1.454000000000000057e+02,6.082000000000000455e+02,1.069999999999999929e+01,1.030000000000000071e+01,7.400000000000000000e+01,2.200000000000000178e+00,0.000000000000000000e+00,0.000000000000000000e+00
6.000000000000000000e+00,5.000000000000000000e+00,6.000000000000000000e+00,1.000000000000000000e+00,9.040000000000000568e+01,9.329999999999999716e+01,2.981000000000000227e+02,7.500000000000000000e+00,1.910000000000000142e+01,3.900000000000000000e+01,5.400000000000000355e+00,0.000000000000000000e+00,3.520000000000000018e+00
1.000000000000000000e+00,4.000000000000000000e+00,9.000000000000000000e+00,5.000000000000000000e+00,9.250000000000000000e+01,1.220000000000000000e+02,7.897000000000000455e+02,1.019999999999999929e+01,2.110000000000000142e+01,3.900000000000000000e+01,2.200000000000000178e+00,0.000000000000000000e+00,8.119999999999999218e+00
4.000000000000000000e+00,5.000000000000000000e+00,8.000000000000000000e+00,7.000000000000000000e+00,9.200000000000000000e+01,2.031999999999999886e+02,6.645000000000000000e+02,8.099999999999999645e+00,1.040000000000000036e+01,7.500000000000000000e+01,9.000000000000000222e-01,0.000000000000000000e+00,0.000000000000000000e+00
4.000000000000000000e+00,5.000000000000000000e+00,9.000000000000000000e+00,6.000000000000000000e+00,9.250000000000000000e+01,8.800000000000000000e+01,6.986000000000000227e+02,7.099999999999999645e+00,2.030000000000000071e+01,4.500000000000000000e+01,3.100000000000000089e+00,0.000000000000000000e+00,0.000000000000000000e+00
9.000000000000000000e+00,9.000000000000000000e+00,7.000000000000000000e+00,4.000000000000000000e+00,9.320000000000000284e+01,1.144000000000000057e+02,5.600000000000000000e+02,9.500000000000000000e+00,3.019999999999999929e+01,2.500000000000000000e+01,4.500000000000000000e+00,0.000000000000000000e+00,2.750000000000000000e+00
6.000000000000000000e+00,4.000000000000000000e+00,8.000000000000000000e+00,4.000000000000000000e+00,9.520000000000000284e+01,1.316999999999999886e+02,5.787999999999999545e+02,1.040000000000000036e+01,2.030000000000000071e+01,4.100000000000000000e+01,4.000000000000000000e+00,0.000000000000000000e+00,1.899999999999999911e+00
4.000000000000000000e+00,6.000000000000000000e+00,2.000000000000000000e+00,6.000000000000000000e+00,6.820000000000000284e+01,2.150000000000000000e+01,8.720000000000000284e+01,8.000000000000000444e-01,1.540000000000000036e+01,4.000000000000000000e+01,2.700000000000000178e+00,0.000000000000000000e+00,0.000000000000000000e+00
4.000000000000000000e+00,3.000000000000000000e+00,8.000000000000000000e+00,7.000000000000000000e+00,9.020000000000000284e+01,9.959999999999999432e+01,6.312000000000000455e+02,6.299999999999999822e+00,2.150000000000000000e+01,3.400000000000000000e+01,2.200000000000000178e+00,0.000000000000000000e+00,0.000000000000000000e+00
9.000000000000000000e+00,4.000000000000000000e+00,6.000000000000000000e+00,6.000000000000000000e+00,9.050000000000000000e+01,6.110000000000000142e+01,2.525999999999999943e+02,9.400000000000000355e+00,2.450000000000000000e+01,5.000000000000000000e+01,3.100000000000000089e+00,0.000000000000000000e+00,7.031999999999999318e+01
4.000000000000000000e+00,4.000000000000000000e+00,8.000000000000000000e+00,2.000000000000000000e+00,9.370000000000000284e+01,1.022000000000000028e+02,5.502999999999999545e+02,1.459999999999999964e+01,2.210000000000000142e+01,5.400000000000000000e+01,7.599999999999999645e+00,0.000000000000000000e+00,7.900000000000000355e-01
2.000000000000000000e+00,2.000000000000000000e+00,8.000000000000000000e+00,2.000000000000000000e+00,9.479999999999999716e+01,1.082999999999999972e+02,6.471000000000000227e+02,1.700000000000000000e+01,1.739999999999999858e+01,4.300000000000000000e+01,6.700000000000000178e+00,0.000000000000000000e+00,1.070000000000000062e+00
4.000000000000000000e+00,6.000000000000000000e+00,9.000000000000000000e+00,4.000000000000000000e+00,9.370000000000000284e+01,8.090000000000000568e+01,6.852000000000000455e+02,1.789999999999999858e+01,1.760000000000000142e+01,4.200000000000000000e+01,3.100000000000000089e+00,0.000000000000000000e+00,0.000000000000000000e+00
4.000000000000000000e+00,3.000000000000000000e+00,9.000000000000000000e+00,2.000000000000000000e+00,9.190000000000000568e+01,1.117000000000000028e+02,7.702999999999999545e+02,6.500000000000000000e+00,1.590000000000000036e+01,5.300000000000000000e+01,2.200000000000000178e+00,0.000000000000000000e+00,2.930000000000000160e+00
4.000000000000000000e+00,4.000000000000000000e+00,1.000000000000000000e+01,6.000000000000000000e+00,9.059999999999999432e+01,4.370000000000000284e+01,6.868999999999999773e+02,6.700000000000000178e+00,1.839999999999999858e+01,2.500000000000000000e+01,3.100000000000000089e+00,0.000000000000000000e+00,2.423000000000000043e+01
2.000000000000000000e+00,5.000000000000000000e+00,8.000000000000000000e+00,6.000000000000000000e+00,9.370000000000000284e+01,2.310999999999999943e+02,7.151000000000000227e+02,8.400000000000000355e+00,2.360000000000000142e+01,5.300000000000000000e+01,4.000000000000000000e+00,0.000000000000000000e+00,6.429999999999999716e+00
6.000000000000000000e+00,5.000000000000000000e+00,6.000000000000000000e+00,5.000000000000000000e+00,9.250000000000000000e+01,5.639999999999999858e+01,4.333000000000000114e+02,7.099999999999999645e+00,2.319999999999999929e+01,3.900000000000000000e+01,5.400000000000000355e+00,0.000000000000000000e+00,1.189999999999999947e+00
7.000000000000000000e+00,4.000000000000000000e+00,9.000000000000000000e+00,5.000000000000000000e+00,9.209999999999999432e+01,9.900000000000000000e+01,7.452999999999999545e+02,9.599999999999999645e+00,1.869999999999999929e+01,5.000000000000000000e+01,2.200000000000000178e+00,0.000000000000000000e+00,5.969999999999999751e+00
7.000000000000000000e+00,4.000000000000000000e+00,1.000000000000000000e+01,6.000000000000000000e+00,9.059999999999999432e+01,4.370000000000000284e+01,6.868999999999999773e+02,6.700000000000000178e+00,1.459999999999999964e+01,3.300000000000000000e+01,1.300000000000000044e+00,0.000000000000000000e+00,0.000000000000000000e+00
8.000000000000000000e+00,6.000000000000000000e+00,8.000000000000000000e+00,2.000000000000000000e+00,8.879999999999999716e+01,1.473000000000000114e+02,6.145000000000000000e+02,9.000000000000000000e+00,1.440000000000000036e+01,6.600000000000000000e+01,5.400000000000000355e+00,0.000000000000000000e+00,5.230000000000000426e+00
7.000000000000000000e+00,4.000000000000000000e+00,2.000000000000000000e+00,1.000000000000000000e+00,8.470000000000000284e+01,9.500000000000000000e+00,5.829999999999999716e+01,4.099999999999999645e+00,7.500000000000000000e+00,7.100000000000000000e+01,6.299999999999999822e+00,0.000000000000000000e+00,9.960000000000000853e+00
6.000000000000000000e+00,5.000000000000000000e+00,9.000000000000000000e+00,6.000000000000000000e+00,8.709999999999999432e+01,2.913000000000000114e+02,8.606000000000000227e+02,4.000000000000000000e+00,1.700000000000000000e+01,6.700000000000000000e+01,4.900000000000000355e+00,0.000000000000000000e+00,3.950000000000000178e+00
4.000000000000000000e+00,6.000000000000000000e+00,1.200000000000000000e+01,7.000000000000000000e+00,8.440000000000000568e+01,2.719999999999999929e+01,3.535000000000000000e+02,6.799999999999999822e+00,4.799999999999999822e+00,5.700000000000000000e+01,8.500000000000000000e+00,0.000000000000000000e+00,8.980000000000000426e+00
2.000000000000000000e+00,2.000000000000000000e+00,8.000000000000000000e+00,2.000000000000000000e+00,9.209999999999999432e+01,1.525999999999999943e+02,6.582000000000000455e+02,1.430000000000000071e+01,2.180000000000000071e+01,5.600000000000000000e+01,3.100000000000000089e+00,0.000000000000000000e+00,5.200000000000000178e-01
3.000000000000000000e+00,4.000000000000000000e+00,1.000000000000000000e+01,7.000000000000000000e+00,9.259999999999999432e+01,4.650000000000000000e+01,6.917999999999999545e+02,8.800000000000000711e+00,2.060000000000000142e+01,2.400000000000000000e+01,5.400000000000000355e+00,0.000000000000000000e+00,0.000000000000000000e+00
7.000000000000000000e+00,5.000000000000000000e+00,4.000000000000000000e+00,7.000000000000000000e+00,8.190000000000000568e+01,3.000000000000000000e+00,7.900000000000000355e+00,3.500000000000000000e+00,1.340000000000000036e+01,7.500000000000000000e+01,1.800000000000000044e+00,0.000000000000000000e+00,0.000000000000000000e+00
8.000000000000000000e+00,5.000000000000000000e+00,8.000000000000000000e+00,3.000000000000000000e+00,9.309999999999999432e+01,1.573000000000000114e+02,6.667000000000000455e+02,1.350000000000000000e+01,2.680000000000000071e+01,2.500000000000000000e+01,3.100000000000000089e+00,0.000000000000000000e+00,6.800000000000000488e-01
4.000000000000000000e+00,4.000000000000000000e+00,8.000000000000000000e+00,2.000000000000000000e+00,9.509999999999999432e+01,1.413000000000000114e+02,6.057999999999999545e+02,1.769999999999999929e+01,1.939999999999999858e+01,7.100000000000000000e+01,7.599999999999999645e+00,0.000000000000000000e+00,4.670000000000000284e+01
4.000000000000000000e+00,5.000000000000000000e+00,9.000000000000000000e+00,4.000000000000000000e+00,9.240000000000000568e+01,9.620000000000000284e+01,7.393999999999999773e+02,8.599999999999999645e+00,1.860000000000000142e+01,2.400000000000000000e+01,5.799999999999999822e+00,0.000000000000000000e+00,0.000000000000000000e+00
6.000000000000000000e+00,5.000000000000000000e+00,8.000000000000000000e+00,7.000000000000000000e+00,9.200000000000000000e+01,2.031999999999999886e+02,6.645000000000000000e+02,8.099999999999999645e+00,1.910000000000000142e+01,7.000000000000000000e+01,2.200000000000000178e+00,0.000000000000000000e+00,0.000000000000000000e+00
8.000000000000000000e+00,6.000000000000000000e+00,8.000000000000000000e+00,1.000000000000000000e+00,9.150000000000000000e+01,1.454000000000000057e+02,6.082000000000000455e+02,1.069999999999999929e+01,8.000000000000000000e+00,8.600000000000000000e+01,2.200000000000000178e+00,0.000000000000000000e+00,0.000000000000000000e+00
1.000000000000000000e+00,4.000000000000000000e+00,9.000000000000000000e+00,1.000000000000000000e+00,9.209999999999999432e+01,8.770000000000000284e+01,7.211000000000000227e+02,9.500000000000000000e+00,1.810000000000000142e+01,5.400000000000000000e+01,3.100000000000000089e+00,0.000000000000000000e+00,2.129999999999999893e+00
4.000000000000000000e+00,4.000000000000000000e+00,9.000000000000000000e+00,3.000000000000000000e+00,9.009999999999999432e+01,8.290000000000000568e+01,7.357000000000000455e+02,6.200000000000000178e+00,1.290000000000000036e+01,7.400000000000000000e+01,4.900000000000000355e+00,0.000000000000000000e+00,0.000000000000000000e+00
4.000000000000000000e+00,4.000000000000000000e+00,8.000000000000000000e+00,6.000000000000000000e+00,9.020000000000000284e+01,9.690000000000000568e+01,6.242000000000000455e+02,8.900000000000000355e+00,1.839999999999999858e+01,4.200000000000000000e+01,6.700000000000000178e+00,0.000000000000000000e+00,0.000000000000000000e+00
8.000000000000000000e+00,6.000000000000000000e+00,7.000000000000000000e+00,7.000000000000000000e+00,8.890000000000000568e+01,2.631000000000000227e+02,7.958999999999999773e+02,5.200000000000000178e+00,2.930000000000000071e+01,2.700000000000000000e+01,3.600000000000000089e+00,0.000000000000000000e+00,6.299999999999999822e+00
4.000000000000000000e+00,5.000000000000000000e+00,9.000000000000000000e+00,4.000000000000000000e+00,9.290000000000000568e+01,1.370000000000000000e+02,7.063999999999999773e+02,9.199999999999999289e+00,2.210000000000000142e+01,3.400000000000000000e+01,1.800000000000000044e+00,0.000000000000000000e+00,1.457000000000000028e+01
9.000000000000000000e+00,9.000000000000000000e+00,8.000000000000000000e+00,5.000000000000000000e+00,9.479999999999999716e+01,2.270000000000000000e+02,7.067000000000000455e+02,1.200000000000000000e+01,2.500000000000000000e+01,3.600000000000000000e+01,4.000000000000000000e+00,0.000000000000000000e+00,0.000000000000000000e+00
7.000000000000000000e+00,4.000000000000000000e+00,7.000000000000000000e+00,6.000000000000000000e+00,9.159999999999999432e+01,1.042000000000000028e+02,4.748999999999999773e+02,9.000000000000000000e+00,2.419999999999999929e+01,3.200000000000000000e+01,1.800000000000000044e+00,0.000000000000000000e+00,0.000000000000000000e+00
7.000000000000000000e+00,4.000000000000000000e+00,8.000000000000000000e+00,7.000000000000000000e+00,9.179999999999999716e+01,1.750999999999999943e+02,7.007000000000000455e+02,1.380000000000000071e+01,2.189999999999999858e+01,7.300000000000000000e+01,7.599999999999999645e+00,1.000000000000000000e+00,0.000000000000000000e+00
1.000000000000000000e+00,4.000000000000000000e+00,9.000000000000000000e+00,4.000000000000000000e+00,9.279999999999999716e+01,1.190000000000000000e+02,7.835000000000000000e+02,7.500000000000000000e+00,1.680000000000000071e+01,2.800000000000000000e+01,4.000000000000000000e+00,0.000000000000000000e+00,7.209999999999999964e+00
6.000000000000000000e+00,4.000000000000000000e+00,3.000000000000000000e+00,3.000000000000000000e+00,8.920000000000000284e+01,2.789999999999999858e+01,7.079999999999999716e+01,6.299999999999999822e+00,1.590000000000000036e+01,3.500000000000000000e+01,4.000000000000000000e+00,0.000000000000000000e+00,0.000000000000000000e+00
7.000000000000000000e+00,4.000000000000000000e+00,9.000000000000000000e+00,4.000000000000000000e+00,8.970000000000000284e+01,2.871999999999999886e+02,8.492999999999999545e+02,6.799999999999999822e+00,1.939999999999999858e+01,4.500000000000000000e+01,3.600000000000000089e+00,0.000000000000000000e+00,0.000000000000000000e+00
4.000000000000000000e+00,6.000000000000000000e+00,1.200000000000000000e+01,4.000000000000000000e+00,8.459999999999999432e+01,2.639999999999999858e+01,3.520000000000000000e+02,2.000000000000000000e+00,5.099999999999999645e+00,6.100000000000000000e+01,4.900000000000000355e+00,0.000000000000000000e+00,5.379999999999999893e+00
6.000000000000000000e+00,5.000000000000000000e+00,9.000000000000000000e+00,1.000000000000000000e+00,9.090000000000000568e+01,1.265000000000000000e+02,6.865000000000000000e+02,7.000000000000000000e+00,2.130000000000000071e+01,4.200000000000000000e+01,2.200000000000000178e+00,0.000000000000000000e+00,0.000000000000000000e+00
5.000000000000000000e+00,4.000000000000000000e+00,8.000000000000000000e+00,2.000000000000000000e+00,8.879999999999999716e+01,1.473000000000000114e+02,6.145000000000000000e+02,9.000000000000000000e+00,1.730000000000000071e+01,4.300000000000000000e+01,4.500000000000000000e+00,0.000000000000000000e+00,0.000000000000000000e+00
2.000000000000000000e+00,5.000000000000000000e+00,8.000000000000000000e+00,6.000000000000000000e+00,9.370000000000000284e+01,2.310999999999999943e+02,7.151000000000000227e+02,8.400000000000000355e+00,1.889999999999999858e+01,6.400000000000000000e+01,4.900000000000000355e+00,0.000000000000000000e+00,0.000000000000000000e+00
6.000000000000000000e+00,3.000000000000000000e+00,9.000000000000000000e+00,1.000000000000000000e+00,8.859999999999999432e+01,9.179999999999999716e+01,7.098999999999999773e+02,7.099999999999999645e+00,1.119999999999999929e+01,7.800000000000000000e+01,7.599999999999999645e+00,0.000000000000000000e+00,0.000000000000000000e+00
2.000000000000000000e+00,5.000000000000000000e+00,9.000000000000000000e+00,5.000000000000000000e+00,9.029999999999999716e+01,2.900000000000000000e+02,8.552999999999999545e+02,7.400000000000000355e+00,1.619999999999999929e+01,5.800000000000000000e+01,3.600000000000000089e+00,0.000000000000000000e+00,9.960000000000000853e+00
8.000000000000000000e+00,8.000000000000000000e+00,8.000000000000000000e+00,3.000000000000000000e+00,9.170000000000000284e+01,1.914000000000000057e+02,6.358999999999999773e+02,7.799999999999999822e+00,2.619999999999999929e+01,3.600000000000000000e+01,4.500000000000000000e+00,0.000000000000000000e+00,1.857599999999999909e+02
4.000000000000000000e+00,3.000000000000000000e+00,6.000000000000000000e+00,4.000000000000000000e+00,9.300000000000000000e+01,1.037999999999999972e+02,3.166999999999999886e+02,1.080000000000000071e+01,2.639999999999999858e+01,3.500000000000000000e+01,2.700000000000000178e+00,0.000000000000000000e+00,1.008000000000000007e+01
8.000000000000000000e+00,6.000000000000000000e+00,8.000000000000000000e+00,6.000000000000000000e+00,9.220000000000000284e+01,8.179999999999999716e+01,4.808000000000000114e+02,1.190000000000000036e+01,1.639999999999999858e+01,4.300000000000000000e+01,4.000000000000000000e+00,0.000000000000000000e+00,7.129999999999999716e+01
8.000000000000000000e+00,6.000000000000000000e+00,6.000000000000000000e+00,7.000000000000000000e+00,9.040000000000000568e+01,8.950000000000000000e+01,2.908000000000000114e+02,6.400000000000000355e+00,1.540000000000000036e+01,4.500000000000000000e+01,2.200000000000000178e+00,0.000000000000000000e+00,0.000000000000000000e+00
3.000000000000000000e+00,4.000000000000000000e+00,3.000000000000000000e+00,3.000000000000000000e+00,9.340000000000000568e+01,1.730000000000000071e+01,2.830000000000000071e+01,9.900000000000000355e+00,8.900000000000000355e+00,3.500000000000000000e+01,8.000000000000000000e+00,0.000000000000000000e+00,0.000000000000000000e+00
3.000000000000000000e+00,6.000000000000000000e+00,9.000000000000000000e+00,1.000000000000000000e+00,9.090000000000000568e+01,1.265000000000000000e+02,6.865000000000000000e+02,7.000000000000000000e+00,1.559999999999999964e+01,6.600000000000000000e+01,3.100000000000000089e+00,0.000000000000000000e+00,0.000000000000000000e+00
2.000000000000000000e+00,2.000000000000000000e+00,8.000000000000000000e+00,2.000000000000000000e+00,9.209999999999999432e+01,1.525999999999999943e+02,6.582000000000000455e+02,1.430000000000000071e+01,2.369999999999999929e+01,2.400000000000000000e+01,3.100000000000000089e+00,0.000000000000000000e+00,0.000000000000000000e+00
8.000000000000000000e+00,6.000000000000000000e+00,9.000000000000000000e+00,4.000000000000000000e+00,9.370000000000000284e+01,8.090000000000000568e+01,6.852000000000000455e+02,1.789999999999999858e+01,2.369999999999999929e+01,2.500000000000000000e+01,4.500000000000000000e+00,0.000000000000000000e+00,1.120000000000000107e+00
3.000000000000000000e+00,5.000000000000000000e+00,8.000000000000000000e+00,6.000000000000000000e+00,9.350000000000000000e+01,1.394000000000000057e+02,5.942000000000000455e+02,2.030000000000000071e+01,1.760000000000000142e+01,5.200000000000000000e+01,5.799999999999999822e+00,0.000000000000000000e+00,0.000000000000000000e+00
6.000000000000000000e+00,5.000000000000000000e+00,3.000000000000000000e+00,6.000000000000000000e+00,9.170000000000000284e+01,3.579999999999999716e+01,8.079999999999999716e+01,7.799999999999999822e+00,1.739999999999999858e+01,2.500000000000000000e+01,4.900000000000000355e+00,0.000000000000000000e+00,0.000000000000000000e+00
3.000000000000000000e+00,4.000000000000000000e+00,8.000000000000000000e+00,7.000000000000000000e+00,9.140000000000000568e+01,1.424000000000000057e+02,6.013999999999999773e+02,1.059999999999999964e+01,1.980000000000000071e+01,3.900000000000000000e+01,5.400000000000000355e+00,0.000000000000000000e+00,0.000000000000000000e+00
