1.000000000000000000e+00,3.000000000000000000e+00,9.000000000000000000e+00,7.000000000000000000e+00,9.100000000000000000e+01,2.763000000000000114e+02,8.251000000000000227e+02,7.099999999999999645e+00,2.189999999999999858e+01,4.300000000000000000e+01,4.000000000000000000e+00,0.000000000000000000e+00,7.076000000000000512e+01
6.000000000000000000e+00,5.000000000000000000e+00,3.000000000000000000e+00,5.000000000000000000e+00,9.120000000000000284e+01,4.829999999999999716e+01,9.779999999999999716e+01,1.250000000000000000e+01,1.169999999999999929e+01,3.300000000000000000e+01,4.000000000000000000e+00,0.000000000000000000e+00,8.310000000000000497e+00
6.000000000000000000e+00,5.000000000000000000e+00,3.000000000000000000e+00,3.000000000000000000e+00,9.340000000000000568e+01,1.730000000000000071e+01,2.830000000000000071e+01,9.900000000000000355e+00,1.380000000000000071e+01,2.400000000000000000e+01,5.799999999999999822e+00,0.000000000000000000e+00,0.000000000000000000e+00
4.000000000000000000e+00,4.000000000000000000e+00,4.000000000000000000e+00,5.000000000000000000e+00,8.300000000000000000e+01,2.330000000000000071e+01,8.529999999999999716e+01,2.299999999999999822e+00,1.669999999999999929e+01,2.000000000000000000e+01,3.100000000000000089e+00,0.000000000000000000e+00,0.000000000000000000e+00
3.000000000000000000e+00,4.000000000000000000e+00,8.000000000000000000e+00,4.000000000000000000e+00,9.159999999999999432e+01,2.484000000000000057e+02,7.537999999999999545e+02,6.299999999999999822e+00,1.680000000000000071e+01,5.600000000000000000e+01,3.100000000000000089e+00,0.000000000000000000e+00,0.000000000000000000e+00
4.000000000000000000e+00,5.000000000000000000e+00,3.000000000000000000e+00,5.000000000000000000e+00,9.170000000000000284e+01,3.329999999999999716e+01,7.750000000000000000e+01,9.000000000000000000e+00,1.719999999999999929e+01,2.600000000000000000e+01,4.500000000000000000e+00,0.000000000000000000e+00,0.000000000000000000e+00
3.000000000000000000e+00,4.000000000000000000e+00,2.000000000000000000e+00,6.000000000000000000e+00,8.390000000000000568e+01,8.000000000000000000e+00,3.019999999999999929e+01,2.600000000000000089e+00,1.269999999999999929e+01,4.800000000000000000e+01,1.800000000000000044e+00,0.000000000000000000e+00,0.000000000000000000e+00
4.000000000000000000e+00,5.000000000000000000e+00,9.000000000000000000e+00,1.000000000000000000e+00,8.859999999999999432e+01,9.179999999999999716e+01,7.098999999999999773e+02,7.099999999999999645e+00,1.739999999999999858e+01,5.600000000000000000e+01,5.400000000000000355e+00,0.000000000000000000e+00,0.000000000000000000e+00
8.000000000000000000e+00,6.000000000000000000e+00,8.000000000000000000e+00,6.000000000000000000e+00,9.370000000000000284e+01,2.310999999999999943e+02,7.151000000000000227e+02,8.400000000000000355e+00,1.889999999999999858e+01,6.400000000000000000e+01,4.900000000000000355e+00,0.000000000000000000e+00,0.000000000000000000e+00
6.000000000000000000e+00,3.000000000000000000e+00,9.000000000000000000e+00,5.000000000000000000e+00,9.250000000000000000e+01,1.220000000000000000e+02,7.897000000000000455e+02,1.019999999999999929e+01,1.969999999999999929e+01,3.900000000000000000e+01,2.700000000000000178e+00,0.000000000000000000e+00,0.000000000000000000e+00
7.000000000000000000e+00,4.000000000000000000e+00,9.000000000000000000e+00,5.000000000000000000e+00,9.209999999999999432e+01,9.900000000000000000e+01,7.452999999999999545e+02,9.599999999999999645e+00,1.980000000000000071e+01,4.700000000000000000e+01,2.700000000000000178e+00,0.000000000000000000e+00,1.719999999999999973e+00
6.000000000000000000e+00,3.000000000000000000e+00,2.000000000000000000e+00,5.000000000000000000e+00,8.409999999999999432e+01,7.299999999999999822e+00,5.279999999999999716e+01,2.700000000000000178e+00,1.469999999999999929e+01,4.200000000000000000e+01,2.700000000000000178e+00,0.000000000000000000e+00,0.000000000000000000e+00
4.000000000000000000e+00,5.000000000000000000e+00,1.000000000000000000e+00,7.000000000000000000e+00,1.869999999999999929e+01,1.100000000000000089e+00,1.714000000000000057e+02,0.000000000000000000e+00,5.200000000000000178e+00,1.000000000000000000e+02,9.000000000000000222e-01,0.000000000000000000e+00,0.000000000000000000e+00
8.000000000000000000e+00,6.000000000000000000e+00,8.000000000000000000e+00,4.000000000000000000e+00,9.479999999999999716e+01,2.224000000000000057e+02,6.986000000000000227e+02,1.390000000000000036e+01,2.389999999999999858e+01,3.800000000000000000e+01,6.700000000000000178e+00,0.000000000000000000e+00,0.000000000000000000e+00
8.000000000000000000e+00,6.000000000000000000e+00,8.000000000000000000e+00,6.000000000000000000e+00,9.220000000000000284e+01,8.179999999999999716e+01,4.808000000000000114e+02,1.190000000000000036e+01,2.010000000000000142e+01,3.400000000000000000e+01,4.500000000000000000e+00,0.000000000000000000e+00,5.829999999999999716e+01
2.000000000000000000e+00,2.000000000000000000e+00,2.000000000000000000e+00,6.000000000000000000e+00,7.950000000000000000e+01,3.600000000000000089e+00,1.530000000000000071e+01,1.800000000000000044e+00,4.599999999999999645e+00,5.900000000000000000e+01,9.000000000000000222e-01,0.000000000000000000e+00,6.839999999999999858e+00
4.000000000000000000e+00,3.000000000000000000e+00,7.000000000000000000e+00,7.000000000000000000e+00,9.370000000000000284e+01,1.012999999999999972e+02,4.233999999999999773e+02,1.469999999999999929e+01,2.610000000000000142e+01,4.500000000000000000e+01,4.000000000000000000e+00,0.000000000000000000e+00,7.360000000000000320e+00
2.000000000000000000e+00,4.000000000000000000e+00,8.000000000000000000e+00,3.000000000000000000e+00,9.520000000000000284e+01,2.176999999999999886e+02,6.900000000000000000e+02,1.800000000000000000e+01,3.080000000000000071e+01,1.900000000000000000e+01,4.500000000000000000e+00,0.000000000000000000e+00,0.000000000000000000e+00
6.000000000000000000e+00,5.000000000000000000e+00,3.000000000000000000e+00,4.000000000000000000e+00,8.490000000000000568e+01,1.819999999999999929e+01,5.500000000000000000e+01,3.000000000000000000e+00,5.299999999999999822e+00,7.000000000000000000e+01,4.500000000000000000e+00,0.000000000000000000e+00,2.140000000000000124e+00
6.000000000000000000e+00,5.000000000000000000e+00,3.000000000000000000e+00,7.000000000000000000e+00,9.009999999999999432e+01,3.760000000000000142e+01,8.370000000000000284e+01,7.200000000000000178e+00,1.240000000000000036e+01,5.400000000000000000e+01,3.600000000000000089e+00,0.000000000000000000e+00,1.209999999999999964e+01
4.000000000000000000e+00,5.000000000000000000e+00,3.000000000000000000e+00,4.000000000000000000e+00,9.140000000000000568e+01,3.069999999999999929e+01,7.429999999999999716e+01,7.500000000000000000e+00,1.819999999999999929e+01,2.900000000000000000e+01,3.100000000000000089e+00,0.000000000000000000e+00,0.000000000000000000e+00
1.000000000000000000e+00,2.000000000000000000e+00,8.000000000000000000e+00,6.000000000000000000e+00,9.370000000000000284e+01,2.310999999999999943e+02,7.151000000000000227e+02,8.400000000000000355e+00,2.589999999999999858e+01,3.200000000000000000e+01,3.100000000000000089e+00,0.000000000000000000e+00,0.000000000000000000e+00
2.000000000000000000e+00,2.000000000000000000e+00,8.000000000000000000e+00,2.000000000000000000e+00,9.479999999999999716e+01,1.082999999999999972e+02,6.471000000000000227e+02,1.700000000000000000e+01,2.460000000000000142e+01,2.200000000000000000e+01,4.500000000000000000e+00,0.000000000000000000e+00,1.000999999999999979e+01
6.000000000000000000e+00,3.000000000000000000e+00,9.000000000000000000e+00,4.000000000000000000e+00,9.279999999999999716e+01,1.190000000000000000e+02,7.835000000000000000e+02,7.500000000000000000e+00,1.889999999999999858e+01,3.400000000000000000e+01,7.200000000000000178e+00,0.000000000000000000e+00,3.435999999999999943e+01
9.000000000000000000e+00,4.000000000000000000e+00,9.000000000000000000e+00,2.000000000000000000e+00,8.440000000000000568e+01,7.340000000000000568e+01,6.718999999999999773e+02,3.200000000000000178e+00,2.430000000000000071e+01,3.600000000000000000e+01,3.100000000000000089e+00,0.000000000000000000e+00,1.056599999999999966e+02
6.000000000000000000e+00,5.000000000000000000e+00,9.000000000000000000e+00,6.000000000000000000e+00,9.220000000000000284e+01,1.022999999999999972e+02,7.515000000000000000e+02,8.400000000000000355e+00,2.119999999999999929e+01,3.200000000000000000e+01,2.200000000000000178e+00,0.000000000000000000e+00,0.000000000000000000e+00
4.000000000000000000e+00,3.000000000000000000e+00,8.000000000000000000e+00,7.000000000000000000e+00,8.159999999999999432e+01,5.670000000000000284e+01,6.656000000000000227e+02,1.899999999999999911e+00,2.780000000000000071e+01,3.200000000000000000e+01,2.700000000000000178e+00,0.000000000000000000e+00,6.440000000000000391e+00
9.000000000000000000e+00,9.000000000000000000e+00,7.000000000000000000e+00,2.000000000000000000e+00,8.579999999999999716e+01,4.829999999999999716e+01,3.133999999999999773e+02,3.899999999999999911e+00,1.800000000000000000e+01,4.200000000000000000e+01,2.700000000000000178e+00,0.000000000000000000e+00,3.599999999999999867e-01
1.000000000000000000e+00,3.000000000000000000e+00,9.000000000000000000e+00,7.000000000000000000e+00,9.240000000000000568e+01,1.240999999999999943e+02,6.807000000000000455e+02,8.500000000000000000e+00,2.389999999999999858e+01,3.200000000000000000e+01,6.700000000000000178e+00,0.000000000000000000e+00,5.330000000000000071e+00
4.000000000000000000e+00,4.000000000000000000e+00,7.000000000000000000e+00,2.000000000000000000e+00,7.950000000000000000e+01,6.060000000000000142e+01,3.666999999999999886e+02,1.500000000000000000e+00,2.330000000000000071e+01,3.700000000000000000e+01,3.100000000000000089e+00,0.000000000000000000e+00,0.000000000000000000e+00
6.000000000000000000e+00,5.000000000000000000e+00,9.000000000000000000e+00,6.000000000000000000e+00,9.120000000000000284e+01,9.429999999999999716e+01,7.443999999999999773e+02,8.400000000000000355e+00,1.540000000000000036e+01,5.700000000000000000e+01,4.900000000000000355e+00,0.000000000000000000e+00,3.935000000000000142e+01
6.000000000000000000e+00,3.000000000000000000e+00,2.000000000000000000e+00,7.000000000000000000e+00,8.490000000000000568e+01,2.750000000000000000e+01,3.535000000000000000e+02,3.399999999999999911e+00,4.200000000000000178e+00,5.100000000000000000e+01,4.000000000000000000e+00,0.000000000000000000e+00,0.000000000000000000e+00
6.000000000000000000e+00,5.000000000000000000e+00,9.000000000000000000e+00,6.000000000000000000e+00,9.120000000000000284e+01,9.429999999999999716e+01,7.443999999999999773e+02,8.400000000000000355e+00,1.680000000000000071e+01,4.700000000000000000e+01,4.900000000000000355e+00,0.000000000000000000e+00,1.264000000000000057e+01
7.000000000000000000e+00,4.000000000000000000e+00,7.000000000000000000e+00,6.000000000000000000e+00,9.159999999999999432e+01,1.042000000000000028e+02,4.748999999999999773e+02,9.000000000000000000e+00,2.210000000000000142e+01,4.900000000000000000e+01,2.700000000000000178e+00,0.000000000000000000e+00,0.000000000000000000e+00
2.000000000000000000e+00,4.000000000000000000e+00,8.000000000000000000e+00,1.000000000000000000e+00,9.500000000000000000e+01,1.355000000000000000e+02,5.962999999999999545e+02,2.130000000000000071e+01,3.060000000000000142e+01,2.800000000000000000e+01,3.600000000000000089e+00,0.000000000000000000e+00,2.069999999999999840e+00
6.000000000000000000e+00,4.000000000000000000e+00,9.000000000000000000e+00,2.000000000000000000e+00,9.100000000000000000e+01,1.295000000000000000e+02,6.926000000000000227e+02,7.000000000000000000e+00,1.869999999999999929e+01,4.300000000000000000e+01,2.700000000000000178e+00,0.000000000000000000e+00,1.033900000000000006e+02
7.000000000000000000e+00,6.000000000000000000e+00,7.000000000000000000e+00,2.000000000000000000e+00,9.309999999999999432e+01,1.804000000000000057e+02,4.308000000000000114e+02,1.100000000000000000e+01,2.689999999999999858e+01,2.800000000000000000e+01,5.400000000000000355e+00,0.000000000000000000e+00,8.645000000000000284e+01
7.000000000000000000e+00,5.000000000000000000e+00,3.000000000000000000e+00,5.000000000000000000e+00,8.620000000000000284e+01,2.619999999999999929e+01,9.429999999999999716e+01,5.099999999999999645e+00,8.199999999999999289e+00,5.100000000000000000e+01,6.700000000000000178e+00,0.000000000000000000e+00,0.000000000000000000e+00
9.000000000000000000e+00,9.000000000000000000e+00,7.000000000000000000e+00,7.000000000000000000e+00,9.009999999999999432e+01,6.859999999999999432e+01,3.551999999999999886e+02,7.200000000000000178e+00,2.480000000000000071e+01,2.900000000000000000e+01,2.200000000000000178e+00,0.000000000000000000e+00,1.360000000000000098e+00
6.000000000000000000e+00,6.000000000000000000e+00,7.000000000000000000e+00,1.000000000000000000e+00,9.420000000000000284e+01,6.229999999999999716e+01,4.428999999999999773e+02,1.100000000000000000e+01,2.300000000000000000e+01,3.600000000000000000e+01,3.100000000000000089e+00,0.000000000000000000e+00,0.000000000000000000e+00
8.000000000000000000e+00,6.000000000000000000e+00,9.000000000000000000e+00,6.000000000000000000e+00,9.250000000000000000e+01,1.210999999999999943e+02,6.743999999999999773e+02,8.599999999999999645e+00,1.780000000000000071e+01,5.600000000000000000e+01,1.800000000000000044e+00,0.000000000000000000e+00,1.949999999999999956e+00
4.000000000000000000e+00,3.000000000000000000e+00,8.000000000000000000e+00,3.000000000000000000e+00,9.450000000000000000e+01,1.394000000000000057e+02,6.891000000000000227e+02,2.000000000000000000e+01,2.889999999999999858e+01,2.900000000000000000e+01,4.900000000000000355e+00,0.000000000000000000e+00,4.959000000000000341e+01
1.000000000000000000e+00,2.000000000000000000e+00,8.000000000000000000e+00,5.000000000000000000e+00,9.100000000000000000e+01,1.669000000000000057e+02,7.526000000000000227e+02,7.099999999999999645e+00,2.589999999999999858e+01,4.100000000000000000e+01,3.600000000000000089e+00,0.000000000000000000e+00,0.000000000000000000e+00
2.000000000000000000e+00,2.000000000000000000e+00,8.000000000000000000e+00,1.000000000000000000e+00,9.109999999999999432e+01,1.032000000000000028e+02,6.387999999999999545e+02,5.799999999999999822e+00,2.310000000000000142e+01,3.100000000000000000e+01,3.100000000000000089e+00,0.000000000000000000e+00,0.000000000000000000e+00
2.000000000000000000e+00,4.000000000000000000e+00,9.000000000000000000e+00,1.000000000000000000e+00,9.159999999999999432e+01,1.084000000000000057e+02,7.640000000000000000e+02,6.200000000000000178e+00,2.039999999999999858e+01,4.100000000000000000e+01,1.800000000000000044e+00,0.000000000000000000e+00,1.469999999999999973e+00
2.000000000000000000e+00,4.000000000000000000e+00,8.000000000000000000e+00,7.000000000000000000e+00,8.159999999999999432e+01,5.670000000000000284e+01,6.656000000000000227e+02,1.899999999999999911e+00,2.189999999999999858e+01,7.100000000000000000e+01,5.799999999999999822e+00,0.000000000000000000e+00,5.428999999999999915e+01
5.000000000000000000e+00,4.000000000000000000e+00,7.000000000000000000e+00,3.000000000000000000e+00,9.370000000000000284e+01,1.012999999999999972e+02,4.588000000000000114e+02,1.190000000000000036e+01,1.930000000000000071e+01,3.900000000000000000e+01,7.200000000000000178e+00,0.000000000000000000e+00,7.730000000000000426e+00
2.000000000000000000e+00,5.000000000000000000e+00,9.000000000000000000e+00,1.000000000000000000e+00,9.090000000000000568e+01,1.265000000000000000e+02,6.865000000000000000e+02,7.000000000000000000e+00,2.189999999999999858e+01,3.900000000000000000e+01,1.800000000000000044e+00,0.000000000000000000e+00,4.699999999999999734e-01
7.000000000000000000e+00,4.000000000000000000e+00,8.000000000000000000e+00,6.000000000000000000e+00,9.020000000000000284e+01,1.109000000000000057e+02,5.373999999999999773e+02,6.200000000000000178e+00,1.950000000000000000e+01,4.300000000000000000e+01,5.799999999999999822e+00,0.000000000000000000e+00,0.000000000000000000e+00
6.000000000000000000e+00,5.000000000000000000e+00,3.000000000000000000e+00,4.000000000000000000e+00,9.129999999999999716e+01,2.060000000000000142e+01,4.350000000000000000e+01,8.500000000000000000e+00,1.330000000000000071e+01,2.700000000000000000e+01,3.600000000000000089e+00,0.000000000000000000e+00,6.610000000000000320e+00
6.000000000000000000e+00,5.000000000000000000e+00,2.000000000000000000e+00,1.000000000000000000e+00,8.409999999999999432e+01,4.599999999999999645e+00,4.670000000000000284e+01,2.200000000000000178e+00,5.299999999999999822e+00,6.800000000000000000e+01,1.800000000000000044e+00,0.000000000000000000e+00,0.000000000000000000e+00
6.000000000000000000e+00,5.000000000000000000e+00,8.000000000000000000e+00,6.000000000000000000e+00,9.020000000000000284e+01,9.690000000000000568e+01,6.242000000000000455e+02,8.900000000000000355e+00,1.469999999999999929e+01,5.900000000000000000e+01,5.799999999999999822e+00,0.000000000000000000e+00,0.000000000000000000e+00
2.000000000000000000e+00,2.000000000000000000e+00,8.000000000000000000e+00,2.000000000000000000e+00,9.459999999999999432e+01,2.120999999999999943e+02,6.808999999999999773e+02,9.500000000000000000e+00,2.789999999999999858e+01,2.700000000000000000e+01,2.200000000000000178e+00,0.000000000000000000e+00,0.000000000000000000e+00
7.000000000000000000e+00,4.000000000000000000e+00,3.000000000000000000e+00,7.000000000000000000e+00,9.070000000000000284e+01,4.400000000000000000e+01,9.240000000000000568e+01,5.500000000000000000e+00,1.150000000000000000e+01,6.000000000000000000e+01,4.000000000000000000e+00,0.000000000000000000e+00,8.240000000000000213e+00
1.000000000000000000e+00,2.000000000000000000e+00,8.000000000000000000e+00,5.000000000000000000e+00,9.009999999999999432e+01,1.080000000000000000e+02,5.297999999999999545e+02,1.250000000000000000e+01,1.469999999999999929e+01,6.600000000000000000e+01,2.700000000000000178e+00,0.000000000000000000e+00,0.000000000000000000e+00
8.000000000000000000e+00,5.000000000000000000e+00,1.000000000000000000e+01,1.000000000000000000e+00,8.490000000000000568e+01,3.279999999999999716e+01,6.642000000000000455e+02,3.000000000000000000e+00,1.669999999999999929e+01,4.700000000000000000e+01,4.900000000000000355e+00,0.000000000000000000e+00,0.000000000000000000e+00
7.000000000000000000e+00,4.000000000000000000e+00,3.000000000000000000e+00,1.000000000000000000e+00,9.009999999999999432e+01,3.970000000000000284e+01,8.659999999999999432e+01,6.200000000000000178e+00,1.610000000000000142e+01,2.900000000000000000e+01,3.100000000000000089e+00,0.000000000000000000e+00,1.750000000000000000e+00
4.000000000000000000e+00,6.000000000000000000e+00,3.000000000000000000e+00,1.000000000000000000e+00,8.720000000000000284e+01,2.389999999999999858e+01,6.470000000000000284e+01,4.099999999999999645e+00,1.400000000000000000e+01,3.900000000000000000e+01,3.100000000000000089e+00,0.000000000000000000e+00,0.000000000000000000e+00
2.000000000000000000e+00,5.000000000000000000e+00,9.000000000000000000e+00,2.000000000000000000e+00,9.100000000000000000e+01,1.295000000000000000e+02,6.926000000000000227e+02,7.000000000000000000e+00,1.760000000000000142e+01,4.600000000000000000e+01,3.100000000000000089e+00,0.000000000000000000e+00,7.040000000000000036e+00
4.000000000000000000e+00,4.000000000000000000e+00,8.000000000000000000e+00,2.000000000000000000e+00,9.479999999999999716e+01,1.082999999999999972e+02,6.471000000000000227e+02,1.700000000000000000e+01,1.660000000000000142e+01,5.400000000000000000e+01,5.400000000000000355e+00,0.000000000000000000e+00,0.000000000000000000e+00
2.000000000000000000e+00,5.000000000000000000e+00,8.000000000000000000e+00,7.000000000000000000e+00,9.020000000000000284e+01,9.959999999999999432e+01,6.312000000000000455e+02,6.299999999999999822e+00,1.919999999999999929e+01,4.400000000000000000e+01,2.700000000000000178e+00,0.000000000000000000e+00,4.690000000000000391e+00
7.000000000000000000e+00,4.000000000000000000e+00,9.000000000000000000e+00,7.000000000000000000e+00,9.100000000000000000e+01,2.763000000000000114e+02,8.251000000000000227e+02,7.099999999999999645e+00,1.380000000000000071e+01,7.700000000000000000e+01,7.599999999999999645e+00,0.000000000000000000e+00,1.106000000000000050e+01
6.000000000000000000e+00,5.000000000000000000e+00,9.000000000000000000e+00,2.000000000000000000e+00,9.190000000000000568e+01,1.117000000000000028e+02,7.702999999999999545e+02,6.500000000000000000e+00,2.110000000000000142e+01,3.500000000000000000e+01,2.700000000000000178e+00,0.000000000000000000e+00,5.650000000000000355e+00
7.000000000000000000e+00,5.000000000000000000e+00,8.000000000000000000e+00,2.000000000000000000e+00,9.609999999999999432e+01,1.810999999999999943e+02,6.712000000000000455e+02,1.430000000000000071e+01,2.160000000000000142e+01,6.500000000000000000e+01,4.900000000000000355e+00,8.000000000000000444e-01,0.000000000000000000e+00
8.000000000000000000e+00,6.000000000000000000e+00,8.000000000000000000e+00,4.000000000000000000e+00,9.159999999999999432e+01,2.484000000000000057e+02,7.537999999999999545e+02,6.299999999999999822e+00,2.039999999999999858e+01,5.600000000000000000e+01,2.200000000000000178e+00,0.000000000000000000e+00,0.000000000000000000e+00
5.000000000000000000e+00,4.000000000000000000e+00,4.000000000000000000e+00,7.000000000000000000e+00,9.100000000000000000e+01,1.459999999999999964e+01,2.560000000000000142e+01,1.230000000000000071e+01,1.760000000000000142e+01,2.700000000000000000e+01,5.799999999999999822e+00,0.000000000000000000e+00,0.000000000000000000e+00
8.000000000000000000e+00,6.000000000000000000e+00,8.000000000000000000e+00,3.000000000000000000e+00,8.559999999999999432e+01,9.040000000000000568e+01,6.096000000000000227e+02,6.599999999999999645e+00,1.739999999999999858e+01,5.000000000000000000e+01,4.000000000000000000e+00,0.000000000000000000e+00,2.689999999999999947e+00
4.000000000000000000e+00,3.000000000000000000e+00,9.000000000000000000e+00,1.000000000000000000e+00,9.159999999999999432e+01,1.084000000000000057e+02,7.640000000000000000e+02,6.200000000000000178e+00,9.800000000000000711e+00,8.600000000000000000e+01,1.800000000000000044e+00,0.000000000000000000e+00,0.000000000000000000e+00
3.000000000000000000e+00,4.000000000000000000e+00,3.000000000000000000e+00,2.000000000000000000e+00,8.809999999999999432e+01,2.569999999999999929e+01,6.759999999999999432e+01,3.799999999999999822e+00,1.580000000000000071e+01,2.700000000000000000e+01,7.599999999999999645e+00,0.000000000000000000e+00,0.000000000000000000e+00
3.000000000000000000e+00,4.000000000000000000e+00,7.000000000000000000e+00,3.000000000000000000e+00,9.190000000000000568e+01,1.335999999999999943e+02,5.205000000000000000e+02,8.000000000000000000e+00,1.419999999999999929e+01,5.800000000000000000e+01,4.000000000000000000e+00,0.000000000000000000e+00,0.000000000000000000e+00
8.000000000000000000e+00,5.000000000000000000e+00,9.000000000000000000e+00,7.000000000000000000e+00,8.970000000000000284e+01,9.000000000000000000e+01,7.043999999999999773e+02,4.799999999999999822e+00,1.780000000000000071e+01,6.700000000000000000e+01,2.200000000000000178e+00,0.000000000000000000e+00,2.009999999999999787e+00
8.000000000000000000e+00,6.000000000000000000e+00,9.000000000000000000e+00,5.000000000000000000e+00,9.109999999999999432e+01,9.129999999999999716e+01,7.381000000000000227e+02,7.200000000000000178e+00,2.069999999999999929e+01,4.600000000000000000e+01,2.700000000000000178e+00,0.000000000000000000e+00,3.017999999999999972e+01
8.000000000000000000e+00,6.000000000000000000e+00,8.000000000000000000e+00,2.000000000000000000e+00,9.209999999999999432e+01,1.525999999999999943e+02,6.582000000000000455e+02,1.430000000000000071e+01,2.010000000000000142e+01,5.800000000000000000e+01,4.500000000000000000e+00,0.000000000000000000e+00,9.269999999999999574e+00
3.000000000000000000e+00,4.000000000000000000e+00,8.000000000000000000e+00,7.000000000000000000e+00,9.159999999999999432e+01,1.813000000000000114e+02,6.130000000000000000e+02,7.599999999999999645e+00,2.460000000000000142e+01,4.400000000000000000e+01,4.000000000000000000e+00,0.000000000000000000e+00,3.200000000000000178e+00
8.000000000000000000e+00,6.000000000000000000e+00,8.000000000000000000e+00,3.000000000000000000e+00,9.520000000000000284e+01,2.176999999999999886e+02,6.900000000000000000e+02,1.800000000000000000e+01,2.819999999999999929e+01,2.900000000000000000e+01,1.800000000000000044e+00,0.000000000000000000e+00,5.860000000000000320e+00
8.000000000000000000e+00,6.000000000000000000e+00,8.000000000000000000e+00,7.000000000000000000e+00,8.159999999999999432e+01,5.670000000000000284e+01,6.656000000000000227e+02,1.899999999999999911e+00,2.780000000000000071e+01,3.500000000000000000e+01,2.700000000000000178e+00,0.000000000000000000e+00,0.000000000000000000e+00
1.000000000000000000e+00,3.000000000000000000e+00,9.000000000000000000e+00,5.000000000000000000e+00,9.109999999999999432e+01,9.129999999999999716e+01,7.381000000000000227e+02,7.200000000000000178e+00,1.910000000000000142e+01,4.600000000000000000e+01,2.200000000000000178e+00,0.000000000000000000e+00,3.300000000000000155e-01
4.000000000000000000e+00,3.000000000000000000e+00,9.000000000000000000e+00,4.000000000000000000e+00,9.290000000000000568e+01,1.370000000000000000e+02,7.063999999999999773e+02,9.199999999999999289e+00,2.769999999999999929e+01,2.400000000000000000e+01,2.200000000000000178e+00,0.000000000000000000e+00,0.000000000000000000e+00
4.000000000000000000e+00,4.000000000000000000e+00,9.000000000000000000e+00,4.000000000000000000e+00,9.290000000000000568e+01,1.370000000000000000e+02,7.063999999999999773e+02,9.199999999999999289e+00,2.080000000000000071e+01,1.700000000000000000e+01,1.300000000000000044e+00,0.000000000000000000e+00,0.000000000000000000e+00
5.000000000000000000e+00,4.000000000000000000e+00,9.000000000000000000e+00,5.000000000000000000e+00,9.209999999999999432e+01,9.900000000000000000e+01,7.452999999999999545e+02,9.599999999999999645e+00,1.009999999999999964e+01,7.500000000000000000e+01,3.600000000000000089e+00,0.000000000000000000e+00,3.709999999999999964e+00
4.000000000000000000e+00,4.000000000000000000e+00,3.000000000000000000e+00,1.000000000000000000e+00,8.720000000000000284e+01,2.389999999999999858e+01,6.470000000000000284e+01,4.099999999999999645e+00,1.180000000000000071e+01,3.500000000000000000e+01,1.800000000000000044e+00,0.000000000000000000e+00,0.000000000000000000e+00
5.000000000000000000e+00,4.000000000000000000e+00,8.000000000000000000e+00,4.000000000000000000e+00,9.479999999999999716e+01,2.224000000000000057e+02,6.986000000000000227e+02,1.390000000000000036e+01,2.030000000000000071e+01,4.200000000000000000e+01,2.700000000000000178e+00,0.000000000000000000e+00,0.000000000000000000e+00
7.000000000000000000e+00,4.000000000000000000e+00,8.000000000000000000e+00,6.000000000000000000e+00,9.350000000000000000e+01,1.394000000000000057e+02,5.942000000000000455e+02,2.030000000000000071e+01,5.099999999999999645e+00,9.600000000000000000e+01,5.799999999999999822e+00,0.000000000000000000e+00,2.600000000000000000e+01
5.000000000000000000e+00,4.000000000000000000e+00,2.000000000000000000e+00,7.000000000000000000e+00,8.679999999999999716e+01,1.559999999999999964e+01,4.829999999999999716e+01,3.899999999999999911e+00,1.240000000000000036e+01,5.300000000000000000e+01,2.200000000000000178e+00,0.000000000000000000e+00,6.379999999999999893e+00
7.000000000000000000e+00,4.000000000000000000e+00,7.000000000000000000e+00,7.000000000000000000e+00,9.370000000000000284e+01,1.012999999999999972e+02,4.233999999999999773e+02,1.469999999999999929e+01,1.819999999999999929e+01,8.200000000000000000e+01,4.500000000000000000e+00,0.000000000000000000e+00,2.209999999999999964e+00
4.000000000000000000e+00,4.000000000000000000e+00,3.000000000000000000e+00,5.000000000000000000e+00,8.590000000000000568e+01,1.950000000000000000e+01,5.729999999999999716e+01,2.799999999999999822e+00,1.369999999999999929e+01,4.300000000000000000e+01,5.799999999999999822e+00,0.000000000000000000e+00,0.000000000000000000e+00
7.000000000000000000e+00,4.000000000000000000e+00,8.000000000000000000e+00,4.000000000000000000e+00,9.190000000000000568e+01,1.092000000000000028e+02,5.655000000000000000e+02,8.000000000000000000e+00,2.139999999999999858e+01,3.800000000000000000e+01,2.700000000000000178e+00,0.000000000000000000e+00,1.520000000000000018e+00
8.000000000000000000e+00,6.000000000000000000e+00,8.000000000000000000e+00,7.000000000000000000e+00,9.490000000000000568e+01,1.303000000000000114e+02,5.871000000000000227e+02,1.409999999999999964e+01,3.100000000000000000e+01,2.700000000000000000e+01,5.400000000000000355e+00,0.000000000000000000e+00,0.000000000000000000e+00
7.000000000000000000e+00,5.000000000000000000e+00,9.000000000000000000e+00,6.000000000000000000e+00,9.250000000000000000e+01,8.800000000000000000e+01,6.986000000000000227e+02,7.099999999999999645e+00,1.780000000000000071e+01,5.100000000000000000e+01,7.200000000000000178e+00,0.000000000000000000e+00,0.000000000000000000e+00
8.000000000000000000e+00,6.000000000000000000e+00,9.000000000000000000e+00,2.000000000000000000e+00,9.100000000000000000e+01,1.295000000000000000e+02,6.926000000000000227e+02,7.000000000000000000e+00,1.309999999999999964e+01,6.300000000000000000e+01,5.400000000000000355e+00,0.000000000000000000e+00,0.000000000000000000e+00
4.000000000000000000e+00,4.000000000000000000e+00,9.000000000000000000e+00,3.000000000000000000e+00,9.259999999999999432e+01,1.154000000000000057e+02,7.771000000000000227e+02,8.800000000000000711e+00,1.969999999999999929e+01,4.100000000000000000e+01,1.800000000000000044e+00,0.000000000000000000e+00,1.580000000000000071e+00
8.000000000000000000e+00,6.000000000000000000e+00,8.000000000000000000e+00,7.000000000000000000e+00,9.229999999999999716e+01,8.529999999999999716e+01,4.880000000000000000e+02,1.469999999999999929e+01,2.219999999999999929e+01,2.900000000000000000e+01,5.400000000000000355e+00,0.000000000000000000e+00,0.000000000000000000e+00
2.000000000000000000e+00,2.000000000000000000e+00,9.000000000000000000e+00,5.000000000000000000e+00,9.240000000000000568e+01,1.179000000000000057e+02,6.680000000000000000e+02,1.219999999999999929e+01,1.960000000000000142e+01,3.300000000000000000e+01,5.400000000000000355e+00,0.000000000000000000e+00,0.000000000000000000e+00
6.000000000000000000e+00,5.000000000000000000e+00,8.000000000000000000e+00,2.000000000000000000e+00,9.429999999999999716e+01,1.316999999999999886e+02,6.071000000000000227e+02,2.269999999999999929e+01,1.939999999999999858e+01,5.500000000000000000e+01,4.000000000000000000e+00,0.000000000000000000e+00,1.700000000000000122e-01
6.000000000000000000e+00,5.000000000000000000e+00,3.000000000000000000e+00,1.000000000000000000e+00,8.720000000000000284e+01,1.509999999999999964e+01,3.689999999999999858e+01,7.099999999999999645e+00,1.019999999999999929e+01,4.500000000000000000e+01,5.799999999999999822e+00,0.000000000000000000e+00,3.180000000000000160e+00
4.000000000000000000e+00,4.000000000000000000e+00,9.000000000000000000e+00,1.000000000000000000e+00,9.090000000000000568e+01,1.265000000000000000e+02,6.865000000000000000e+02,7.000000000000000000e+00,1.769999999999999929e+01,3.900000000000000000e+01,2.200000000000000178e+00,0.000000000000000000e+00,3.069999999999999840e+00
6.000000000000000000e+00,3.000000000000000000e+00,4.000000000000000000e+00,3.000000000000000000e+00,8.800000000000000000e+01,1.719999999999999929e+01,4.350000000000000000e+01,3.799999999999999822e+00,1.519999999999999929e+01,5.100000000000000000e+01,2.700000000000000178e+00,0.000000000000000000e+00,0.000000000000000000e+00
6.000000000000000000e+00,4.000000000000000000e+00,2.000000000000000000e+00,2.000000000000000000e+00,7.509999999999999432e+01,4.400000000000000355e+00,1.619999999999999929e+01,1.899999999999999911e+00,5.099999999999999645e+00,7.700000000000000000e+01,5.400000000000000355e+00,0.000000000000000000e+00,2.140000000000000124e+00
7.000000000000000000e+00,4.000000000000000000e+00,8.000000000000000000e+00,7.000000000000000000e+00,9.140000000000000568e+01,1.424000000000000057e+02,6.013999999999999773e+02,1.059999999999999964e+01,1.630000000000000071e+01,6.000000000000000000e+01,5.400000000000000355e+00,0.000000000000000000e+00,0.000000000000000000e+00
8.000000000000000000e+00,6.000000000000000000e+00,8.000000000000000000e+00,5.000000000000000000e+00,9.390000000000000568e+01,1.356999999999999886e+02,5.867000000000000455e+02,1.509999999999999964e+01,2.080000000000000071e+01,3.400000000000000000e+01,4.900000000000000355e+00,0.000000000000000000e+00,6.959999999999999964e+00
7.000000000000000000e+00,4.000000000000000000e+00,9.000000000000000000e+00,3.000000000000000000e+00,9.009999999999999432e+01,8.290000000000000568e+01,7.357000000000000455e+02,6.200000000000000178e+00,1.540000000000000036e+01,5.700000000000000000e+01,4.500000000000000000e+00,0.000000000000000000e+00,3.771000000000000085e+01
1.000000000000000000e+00,4.000000000000000000e+00,8.000000000000000000e+00,6.000000000000000000e+00,9.020000000000000284e+01,9.690000000000000568e+01,6.242000000000000455e+02,8.900000000000000355e+00,2.030000000000000071e+01,3.900000000000000000e+01,4.900000000000000355e+00,0.000000000000000000e+00,4.530000000000000249e+00
6.000000000000000000e+00,5.000000000000000000e+00,8.000000000000000000e+00,4.000000000000000000e+00,9.520000000000000284e+01,1.316999999999999886e+02,5.787999999999999545e+02,1.040000000000000036e+01,2.739999999999999858e+01,2.200000000000000000e+01,4.000000000000000000e+00,0.000000000000000000e+00,9.000000000000000222e-01
