7.500000000000000000e-01,2.857142857142856429e-01,7.272727272727272929e-01,6.666666666666665186e-01,8.967741935483871663e-01,1.864231564438318389e-01,8.495367655681951291e-01,2.067736185383244607e-01,4.180064308681671337e-01,5.764705882352940680e-01,2.999999999999999889e-01,0.000000000000000000e+00,4.766968574676396214e-04
8.750000000000000000e-01,5.714285714285712858e-01,5.454545454545454142e-01,1.000000000000000000e+00,9.058064516129034072e-01,9.028256374913854465e-01,9.241233728157616234e-01,9.269162210338681429e-02,8.713826366559487280e-01,1.411764705882352922e-01,3.555555555555555136e-01,0.000000000000000000e+00,5.775365773165633265e-03
0.000000000000000000e+00,0.000000000000000000e+00,6.363636363636363535e-01,6.666666666666665186e-01,9.329032258064513528e-01,5.713301171605789097e-01,8.733434971267738378e-01,1.265597147950089374e-01,7.620578778135049802e-01,3.058823529411764386e-01,3.555555555555555136e-01,0.000000000000000000e+00,0.000000000000000000e+00
1.250000000000000000e-01,4.285714285714284921e-01,7.272727272727272929e-01,6.666666666666665186e-01,9.238709677419354449e-01,9.955203308063406142e-01,9.937844493960360515e-01,1.319073083778966593e-01,4.501607717041801182e-01,5.058823529411764497e-01,3.555555555555555136e-01,0.000000000000000000e+00,9.130578269957096912e-03
2.500000000000000000e-01,4.285714285714284921e-01,6.363636363636363535e-01,8.333333333333331483e-01,9.651612903225808004e-01,4.765678842177809016e-01,6.875806262460421037e-01,3.618538324420678132e-01,4.951768488745981744e-01,4.352941176470588869e-01,5.999999999999999778e-01,0.000000000000000000e+00,0.000000000000000000e+00
7.500000000000000000e-01,2.857142857142856429e-01,6.363636363636363535e-01,1.000000000000000000e+00,9.819354838709676292e-01,3.694004135079256290e-01,7.496188577459833580e-01,3.030303030303030387e-01,4.565916398713826818e-01,3.764705882352941679e-01,9.999999999999997780e-02,0.000000000000000000e+00,1.430090572402918647e-03
6.250000000000000000e-01,1.428571428571428770e-01,7.272727272727272929e-01,1.000000000000000000e+00,9.509677419354841676e-01,3.607856650585801739e-01,8.797935968101324722e-01,1.764705882352941013e-01,7.266881028938907416e-01,1.529411764705882193e-01,1.555555555555555303e-01,0.000000000000000000e+00,1.309999633310109622e-02
1.250000000000000000e-01,4.285714285714284921e-01,5.454545454545454142e-01,8.333333333333331483e-01,9.406451612903226067e-01,3.552722260509992847e-01,5.476721003870060889e-01,1.604278074866309911e-01,5.305466237942122465e-01,4.470588235294117863e-01,1.555555555555555303e-01,0.000000000000000000e+00,0.000000000000000000e+00
8.750000000000000000e-01,5.714285714285712858e-01,6.363636363636363535e-01,3.333333333333334259e-01,9.599999999999999645e-01,5.382494831150930192e-01,7.726046675266801111e-01,2.406417112299465422e-01,8.520900321543410927e-01,1.529411764705882193e-01,2.555555555555554803e-01,0.000000000000000000e+00,0.000000000000000000e+00
0.000000000000000000e+00,1.428571428571428770e-01,6.363636363636363535e-01,5.000000000000000000e-01,9.819354838709676292e-01,7.625775327360442279e-01,8.100152456901605902e-01,2.477718360071300974e-01,7.717041800643086313e-01,2.235294117647059209e-01,5.999999999999999778e-01,0.000000000000000000e+00,0.000000000000000000e+00
0.000000000000000000e+00,0.000000000000000000e+00,5.454545454545454142e-01,8.333333333333331483e-01,9.200000000000000400e-01,1.729841488628531820e-01,3.382197724873929889e-01,1.550802139037432970e-01,4.630225080385851899e-01,4.470588235294117863e-01,5.555555555555554692e-01,0.000000000000000000e+00,6.508745553885079320e-04
7.500000000000000000e-01,2.857142857142856429e-01,6.363636363636363535e-01,1.000000000000000000e+00,9.406451612903226067e-01,6.209510682288077454e-01,7.096282397091592253e-01,1.354723707664884369e-01,5.498392282958201038e-01,5.411764705882353699e-01,5.000000000000001110e-01,0.000000000000000000e+00,0.000000000000000000e+00
0.000000000000000000e+00,4.285714285714284921e-01,7.272727272727272929e-01,8.333333333333331483e-01,9.638709677419355915e-01,4.972432804962095276e-01,8.367538407411752033e-01,1.443850267379679086e-01,8.810289389067524901e-01,1.411764705882352922e-01,2.555555555555554803e-01,0.000000000000000000e+00,1.338418099812988026e-03
6.250000000000000000e-01,4.285714285714284921e-01,6.363636363636363535e-01,8.333333333333331483e-01,9.225806451612903469e-01,3.301171605789111063e-01,7.227629881552717350e-01,1.586452762923351023e-01,4.019292604501607524e-01,5.176470588235293491e-01,5.999999999999999778e-01,0.000000000000000000e+00,0.000000000000000000e+00
3.750000000000000000e-01,4.285714285714284921e-01,1.818181818181817400e-01,6.666666666666665186e-01,9.419354838709680378e-01,1.109579600275672068e-01,8.162307962941246775e-02,1.604278074866309911e-01,4.823151125401928807e-01,1.294117647058823928e-01,4.555555555555554914e-01,0.000000000000000000e+00,0.000000000000000000e+00
8.750000000000000000e-01,5.714285714285712858e-01,6.363636363636363535e-01,1.000000000000000000e+00,9.832258064516129492e-01,4.452101998621640910e-01,6.792541339275244283e-01,2.513368983957218750e-01,9.260450160771703798e-01,1.411764705882352922e-01,5.555555555555554692e-01,0.000000000000000000e+00,0.000000000000000000e+00
1.250000000000000000e-01,0.000000000000000000e+00,6.363636363636363535e-01,1.666666666666666297e-01,9.470967741935486517e-01,5.220537560303238900e-01,7.626363316523983027e-01,2.549019607843137636e-01,6.913183279742765031e-01,1.058823529411764691e-01,2.999999999999999889e-01,0.000000000000000000e+00,0.000000000000000000e+00
8.750000000000000000e-01,5.714285714285712858e-01,6.363636363636363535e-01,8.333333333333331483e-01,9.741935483870968193e-01,4.000689179875948076e-01,6.722176615456785242e-01,1.960784313725489891e-01,6.977491961414792332e-01,3.058823529411764386e-01,2.000000000000000111e-01,0.000000000000000000e+00,7.352132301712442294e-03
8.750000000000000000e-01,5.714285714285712858e-01,6.363636363636363535e-01,8.333333333333331483e-01,9.483870967741936386e-01,2.780840799448656142e-01,5.545912982291545390e-01,2.121212121212120993e-01,4.565916398713826818e-01,3.294117647058823484e-01,4.000000000000000222e-01,0.000000000000000000e+00,6.536247295662057921e-02
8.750000000000000000e-01,5.714285714285712858e-01,6.363636363636363535e-01,5.000000000000000000e-01,9.406451612903226067e-01,8.521709166092349408e-01,8.747507916031429520e-01,1.122994652406417299e-01,5.852090032154342314e-01,4.823529411764704844e-01,2.000000000000000111e-01,0.000000000000000000e+00,0.000000000000000000e+00
5.000000000000000000e-01,2.857142857142856429e-01,6.363636363636363535e-01,1.666666666666666297e-01,9.045161290322579761e-01,5.037904893177119758e-01,7.113873578046207014e-01,1.604278074866309911e-01,4.855305466237943013e-01,3.294117647058823484e-01,4.555555555555554914e-01,0.000000000000000000e+00,0.000000000000000000e+00
8.750000000000000000e-01,5.714285714285712858e-01,6.363636363636363535e-01,8.333333333333331483e-01,9.483870967741936386e-01,2.780840799448656142e-01,5.545912982291545390e-01,2.121212121212120993e-01,5.755627009646302472e-01,2.235294117647059209e-01,4.555555555555554914e-01,0.000000000000000000e+00,5.344505151992958586e-02
7.500000000000000000e-01,4.285714285714284921e-01,6.363636363636363535e-01,1.666666666666666297e-01,9.987096774193547910e-01,6.202618883528600024e-01,7.778820218130643172e-01,2.549019607843137636e-01,6.237942122186497240e-01,5.882352941176469674e-01,5.000000000000001110e-01,1.250000000000000000e-01,0.000000000000000000e+00
1.250000000000000000e-01,2.857142857142856429e-01,7.272727272727272929e-01,1.000000000000000000e+00,9.509677419354841676e-01,3.607856650585801739e-01,8.797935968101324722e-01,1.764705882352941013e-01,4.437299035369776101e-01,3.529411764705882026e-01,1.555555555555555303e-01,0.000000000000000000e+00,0.000000000000000000e+00
3.750000000000000000e-01,2.857142857142856429e-01,6.363636363636363535e-01,5.000000000000000000e-01,9.948387096774191640e-01,5.199862164024809941e-01,7.226457136155739480e-01,2.459893048128342363e-01,9.710610932475886026e-01,7.058823529411767383e-02,4.555555555555554914e-01,0.000000000000000000e+00,0.000000000000000000e+00
8.750000000000000000e-01,2.857142857142856429e-01,6.363636363636363535e-01,8.333333333333331483e-01,9.406451612903226067e-01,9.396967608545829798e-01,9.513310660255660522e-01,1.372549019607843257e-01,6.141479099678456288e-01,3.411764705882352477e-01,4.555555555555554914e-01,0.000000000000000000e+00,1.116570716145356100e-02
3.750000000000000000e-01,2.857142857142856429e-01,6.363636363636363535e-01,6.666666666666665186e-01,9.754838709677420283e-01,5.737422467263955106e-01,7.933622610531252395e-01,2.317290552584669872e-01,6.302250803858522321e-01,4.470588235294117863e-01,2.999999999999999889e-01,0.000000000000000000e+00,5.995379707381467971e-03
5.000000000000000000e-01,2.857142857142856429e-01,7.272727272727272929e-01,6.666666666666665186e-01,9.470967741935486517e-01,3.373535492763611310e-01,8.647824557288612546e-01,1.711229946524064072e-01,3.408360128617364260e-01,5.764705882352940680e-01,3.555555555555555136e-01,0.000000000000000000e+00,1.503428550474863188e-03
1.250000000000000000e-01,2.857142857142856429e-01,7.272727272727272929e-01,1.000000000000000000e+00,4.090322580645160966e-01,1.554100620261888166e-01,8.193972088659552400e-01,7.130124777183600299e-03,3.215434083601286241e-01,7.411764705882354365e-01,6.555555555555555580e-01,0.000000000000000000e+00,0.000000000000000000e+00
7.500000000000000000e-01,2.857142857142856429e-01,6.363636363636363535e-01,8.333333333333331483e-01,9.651612903225808004e-01,4.765678842177809016e-01,6.875806262460421037e-01,3.618538324420678132e-01,9.324758842443731099e-02,9.529411764705881804e-01,5.999999999999999778e-01,0.000000000000000000e+00,2.383484287338197977e-02
8.750000000000000000e-01,5.714285714285712858e-01,6.363636363636363535e-01,1.000000000000000000e+00,9.496774193548388476e-01,2.901447277739490072e-01,5.630350650873695573e-01,2.620320855614973188e-01,5.980707395498392476e-01,2.000000000000000111e-01,6.555555555555555580e-01,0.000000000000000000e+00,0.000000000000000000e+00
0.000000000000000000e+00,0.000000000000000000e+00,6.363636363636363535e-01,6.666666666666665186e-01,9.212903225806452490e-01,3.683666436940041256e-01,6.120558226808959779e-01,2.228163992869875432e-01,4.019292604501607524e-01,6.000000000000000888e-01,2.555555555555554803e-01,0.000000000000000000e+00,0.000000000000000000e+00
3.750000000000000000e-01,4.285714285714284921e-01,6.363636363636363535e-01,0.000000000000000000e+00,1.000000000000000000e+00,6.009648518263265293e-01,7.668582150815057563e-01,2.994652406417113166e-01,9.774919614147912217e-01,1.294117647058823928e-01,2.999999999999999889e-01,0.000000000000000000e+00,2.539327490741080228e-03
3.750000000000000000e-01,2.857142857142856429e-01,7.272727272727272929e-01,1.000000000000000000e+00,9.509677419354841676e-01,4.238456237077876665e-01,7.890231030843203319e-01,1.515151515151515194e-01,4.726688102893891186e-01,5.294117647058822484e-01,9.999999999999997780e-02,0.000000000000000000e+00,2.702504491951156912e-02
0.000000000000000000e+00,1.428571428571428770e-01,7.272727272727272929e-01,8.333333333333331483e-01,9.354838709677422148e-01,3.211578221915920017e-01,8.637269848715845022e-01,1.497326203208556583e-01,6.463022508038587244e-01,3.882352941176471228e-01,4.000000000000000222e-01,0.000000000000000000e+00,6.600418026475008641e-04
5.000000000000000000e-01,2.857142857142856429e-01,6.363636363636363535e-01,1.000000000000000000e+00,9.432258064516130247e-01,5.995864920744313764e-01,8.124780110238066788e-01,2.459893048128342363e-01,7.556270096463022501e-01,2.823529411764705843e-01,5.555555555555554692e-01,0.000000000000000000e+00,8.250522533093760801e-05
6.250000000000000000e-01,4.285714285714284921e-01,1.000000000000000000e+00,1.666666666666666297e-01,8.606451612903226467e-01,8.373535492763611865e-02,4.008443766858215129e-01,4.634581105169340715e-02,9.324758842443731099e-02,1.058823529411764691e-01,9.000000000000000222e-01,0.000000000000000000e+00,2.270727146052583731e-02
6.250000000000000000e-01,4.285714285714284921e-01,7.272727272727272929e-01,6.666666666666665186e-01,9.522580645161291546e-01,4.166092350103376418e-01,9.168523513545210335e-01,1.818181818181818232e-01,5.209003215434084844e-01,3.176470588235294490e-01,2.000000000000000111e-01,0.000000000000000000e+00,9.992299512302446618e-04
0.000000000000000000e+00,2.857142857142856429e-01,6.363636363636363535e-01,8.333333333333331483e-01,9.767741935483870153e-01,4.993108201240524235e-01,7.116219068840156092e-01,2.014260249554367666e-01,7.524115755627011071e-01,3.176470588235294490e-01,4.000000000000000222e-01,0.000000000000000000e+00,0.000000000000000000e+00
6.250000000000000000e-01,4.285714285714284921e-01,9.090909090909091161e-02,1.666666666666666297e-01,7.277419354838710053e-01,1.137146795313576791e-02,9.733786794886827715e-03,3.386809269162210229e-02,7.717041800643086036e-02,7.882352941176471450e-01,6.555555555555555580e-01,0.000000000000000000e+00,4.941146272597264633e-03
6.250000000000000000e-01,4.285714285714284921e-01,9.090909090909091161e-02,0.000000000000000000e+00,8.438709677419353739e-01,1.206064782908338948e-02,4.550252140260349631e-02,3.921568627450981032e-02,9.967845659163987460e-02,6.235294117647057766e-01,1.555555555555555303e-01,0.000000000000000000e+00,0.000000000000000000e+00
8.750000000000000000e-01,5.714285714285712858e-01,6.363636363636363535e-01,1.000000000000000000e+00,9.380645161290324108e-01,4.869055823569952146e-01,6.960243931042572330e-01,1.889483065953654062e-01,5.594855305466239770e-01,3.058823529411764386e-01,5.999999999999999778e-01,0.000000000000000000e+00,1.801180741446958000e-01
6.250000000000000000e-01,1.428571428571428770e-01,7.272727272727272929e-01,6.666666666666665186e-01,9.754838709677420283e-01,2.894555478980013752e-01,8.026269496892224353e-01,2.834224598930481509e-01,7.459807073954984880e-01,1.058823529411764691e-01,3.555555555555555136e-01,0.000000000000000000e+00,0.000000000000000000e+00
8.750000000000000000e-01,5.714285714285712858e-01,7.272727272727272929e-01,0.000000000000000000e+00,9.393548387096776198e-01,4.445210199862164036e-01,9.372581212618740221e-01,1.336898395721924926e-01,4.405144694533763006e-01,4.235294117647058765e-01,4.555555555555554914e-01,0.000000000000000000e+00,1.998459902460489324e-03
3.750000000000000000e-01,2.857142857142856429e-01,1.000000000000000000e+00,0.000000000000000000e+00,8.606451612903226467e-01,8.373535492763611865e-02,4.008443766858215129e-01,4.634581105169340715e-02,7.717041800643086036e-02,7.058823529411767383e-02,9.000000000000000222e-01,0.000000000000000000e+00,2.019544571156172905e-02
6.250000000000000000e-01,4.285714285714284921e-01,6.363636363636363535e-01,3.333333333333334259e-01,9.470967741935486517e-01,3.793935217091661261e-01,7.578280755248035794e-01,1.711229946524064072e-01,4.630225080385851899e-01,3.764705882352941679e-01,5.555555555555554553e-02,0.000000000000000000e+00,2.099299622309412985e-03
6.250000000000000000e-01,4.285714285714284921e-01,7.272727272727272929e-01,1.666666666666666297e-01,9.445161290322580117e-01,3.811164713990352060e-01,8.941010906532191882e-01,1.158645276292334936e-01,5.594855305466239770e-01,3.529411764705882026e-01,2.999999999999999889e-01,0.000000000000000000e+00,1.836199625976312269e-02
2.500000000000000000e-01,2.857142857142856429e-01,1.818181818181817400e-01,0.000000000000000000e+00,9.212903225806452490e-01,1.330117160578911384e-01,9.229506274187872228e-02,1.105169340463457855e-01,2.700964630225080598e-01,1.764705882352941013e-01,4.000000000000000222e-01,0.000000000000000000e+00,0.000000000000000000e+00
5.000000000000000000e-01,4.285714285714284921e-01,1.818181818181817400e-01,5.000000000000000000e-01,9.316129032258065878e-01,6.133700895933838493e-02,2.662132051131698915e-02,1.426024955436720199e-01,3.022508038585208778e-01,3.882352941176471228e-01,5.555555555555554692e-01,0.000000000000000000e+00,0.000000000000000000e+00
1.250000000000000000e-01,2.857142857142856429e-01,6.363636363636363535e-01,1.000000000000000000e+00,9.458064516129032206e-01,6.964162646450724470e-01,7.700246276533363465e-01,1.443850267379679086e-01,7.299035369774919957e-01,3.176470588235294490e-01,5.555555555555554692e-01,0.000000000000000000e+00,2.236808331194308809e-03
3.750000000000000000e-01,1.428571428571428770e-01,4.545454545454544748e-01,5.000000000000000000e-01,9.587096774193547555e-01,3.538938662991040762e-01,3.621437785856689850e-01,1.925133689839572393e-01,7.781350482315112504e-01,2.352941176470588480e-01,2.555555555555554803e-01,0.000000000000000000e+00,9.240585237065014265e-03
6.250000000000000000e-01,2.857142857142856429e-01,6.363636363636363535e-01,5.000000000000000000e-01,9.870967741935485762e-01,4.500344589937972373e-01,6.695203471326376388e-01,1.853832442067736008e-01,5.819935691318329773e-01,3.058823529411764386e-01,4.000000000000000222e-01,0.000000000000000000e+00,1.741776979208683107e-03
7.500000000000000000e-01,2.857142857142856429e-01,7.272727272727272929e-01,6.666666666666665186e-01,9.470967741935486517e-01,3.373535492763611310e-01,8.647824557288612546e-01,1.711229946524064072e-01,5.916398713826367395e-01,3.294117647058823484e-01,3.555555555555555136e-01,0.000000000000000000e+00,1.860951193575593066e-03
3.750000000000000000e-01,2.857142857142856429e-01,7.272727272727272929e-01,5.000000000000000000e-01,9.509677419354841676e-01,3.277050310130944499e-01,8.578632578867128045e-01,1.532976827094474082e-01,5.466237942122188498e-01,1.058823529411764691e-01,5.000000000000001110e-01,0.000000000000000000e+00,3.465219463899379699e-03
1.000000000000000000e+00,1.000000000000000000e+00,5.454545454545454142e-01,1.000000000000000000e+00,9.212903225806452490e-01,2.325982081323224870e-01,4.072944763691802028e-01,1.283422459893047984e-01,7.266881028938907416e-01,1.647058823529411742e-01,2.000000000000000111e-01,0.000000000000000000e+00,1.246745627223057621e-03
1.250000000000000000e-01,2.857142857142856429e-01,7.272727272727272929e-01,0.000000000000000000e+00,9.406451612903226067e-01,3.697450034458993895e-01,8.867127946522810333e-01,1.105169340463457855e-01,5.852090032154342314e-01,3.058823529411764386e-01,1.555555555555555303e-01,0.000000000000000000e+00,1.347585347071981066e-03
3.750000000000000000e-01,1.428571428571428770e-01,5.454545454545454142e-01,5.000000000000000000e-01,9.612903225806451735e-01,3.904203997243280710e-01,6.474727336695204061e-01,1.693404634581105184e-01,9.003215434083602364e-01,8.235294117647057321e-02,5.000000000000001110e-01,0.000000000000000000e+00,0.000000000000000000e+00
2.500000000000000000e-01,2.857142857142856429e-01,7.272727272727272929e-01,1.666666666666666297e-01,8.477419354838710008e-01,2.491385251550655433e-01,7.787029435909462727e-01,5.704099821746880239e-02,5.048231511254019921e-01,3.529411764705882026e-01,2.999999999999999889e-01,0.000000000000000000e+00,0.000000000000000000e+00
0.000000000000000000e+00,2.857142857142856429e-01,7.272727272727272929e-01,1.000000000000000000e+00,9.329032258064513528e-01,9.483115093039283794e-01,9.583675384074119563e-01,1.265597147950089374e-01,3.954983922829581888e-01,7.176470588235291936e-01,7.999999999999999334e-01,0.000000000000000000e+00,3.401048733086429066e-03
6.250000000000000000e-01,1.428571428571428770e-01,7.272727272727272929e-01,0.000000000000000000e+00,9.019354838709675581e-01,3.125430737422467131e-01,8.232672686759704428e-01,1.265597147950089374e-01,2.893890675241156951e-01,7.411764705882354365e-01,7.999999999999999334e-01,0.000000000000000000e+00,0.000000000000000000e+00
8.750000000000000000e-01,1.428571428571428770e-01,7.272727272727272929e-01,1.666666666666666297e-01,8.477419354838710008e-01,2.491385251550655433e-01,7.787029435909462727e-01,5.704099821746880239e-02,7.073954983922829953e-01,1.529411764705882193e-01,3.555555555555555136e-01,0.000000000000000000e+00,8.800557368633345938e-04
1.250000000000000000e-01,0.000000000000000000e+00,6.363636363636363535e-01,1.666666666666666297e-01,9.819354838709676292e-01,3.694004135079256290e-01,7.496188577459833580e-01,3.030303030303030387e-01,4.887459807073956108e-01,3.294117647058823484e-01,7.000000000000000666e-01,0.000000000000000000e+00,9.808954567122585809e-04
0.000000000000000000e+00,1.428571428571428770e-01,7.272727272727272929e-01,1.000000000000000000e+00,9.509677419354841676e-01,4.238456237077876665e-01,7.890231030843203319e-01,1.515151515151515194e-01,6.977491961414792332e-01,2.000000000000000111e-01,7.000000000000000666e-01,0.000000000000000000e+00,4.886142789043305089e-03
1.250000000000000000e-01,4.285714285714284921e-01,5.454545454545454142e-01,1.000000000000000000e+00,9.703225806451614144e-01,5.809786354238455353e-01,4.736718658379264757e-01,2.192513368983957101e-01,6.816720257234728519e-01,2.941176470588235392e-01,6.555555555555555580e-01,0.000000000000000000e+00,0.000000000000000000e+00
1.250000000000000000e-01,0.000000000000000000e+00,6.363636363636363535e-01,5.000000000000000000e-01,9.419354838709680378e-01,3.900758097863543106e-01,7.662718423830188197e-01,1.122994652406417299e-01,5.273311897106108814e-01,3.411764705882352477e-01,4.555555555555554914e-01,0.000000000000000000e+00,0.000000000000000000e+00
1.000000000000000000e+00,1.000000000000000000e+00,9.090909090909091161e-02,5.000000000000000000e-01,8.451612903225806939e-01,1.964162646450723360e-02,2.193033892341972671e-02,1.372549019607843257e-01,1.446945337620579031e-01,7.529411764705882248e-01,2.999999999999999889e-01,0.000000000000000000e+00,0.000000000000000000e+00
1.000000000000000000e+00,5.714285714285712858e-01,6.363636363636363535e-01,5.000000000000000000e-01,9.406451612903226067e-01,8.521709166092349408e-01,8.747507916031429520e-01,1.122994652406417299e-01,5.884244372990353744e-01,5.058823529411764497e-01,2.555555555555554803e-01,0.000000000000000000e+00,3.929998899930329387e-02
6.250000000000000000e-01,1.428571428571428770e-01,5.454545454545454142e-01,1.666666666666666297e-01,9.548387096774195726e-01,5.616815988973120621e-01,6.660021109417145757e-01,1.586452762923351023e-01,7.749196141479101074e-01,2.823529411764705843e-01,2.999999999999999889e-01,0.000000000000000000e+00,6.435407575813134780e-03
0.000000000000000000e+00,2.857142857142856429e-01,7.272727272727272929e-01,0.000000000000000000e+00,9.393548387096776198e-01,4.445210199862164036e-01,9.372581212618740221e-01,1.336898395721924926e-01,6.141479099678456288e-01,2.352941176470588480e-01,2.000000000000000111e-01,0.000000000000000000e+00,2.584247002310146452e-02
3.750000000000000000e-01,2.857142857142856429e-01,6.363636363636363535e-01,3.333333333333334259e-01,9.858064516129031452e-01,4.831150930392832943e-01,7.011844728509440960e-01,3.155080213903743713e-01,5.916398713826367395e-01,5.058823529411764497e-01,9.999999999999997780e-02,0.000000000000000000e+00,0.000000000000000000e+00
8.750000000000000000e-01,5.714285714285712858e-01,6.363636363636363535e-01,0.000000000000000000e+00,9.393548387096776198e-01,4.972432804962095276e-01,7.039990618036825465e-01,1.907308377896612672e-01,1.864951768488746220e-01,8.352941176470587425e-01,2.000000000000000111e-01,0.000000000000000000e+00,0.000000000000000000e+00
8.750000000000000000e-01,1.428571428571428770e-01,4.545454545454544748e-01,0.000000000000000000e+00,8.967741935483871663e-01,3.277050310130944499e-01,2.592940072710214761e-01,8.377896613190731478e-02,3.890675241157556252e-01,7.529411764705882248e-01,4.000000000000000222e-01,0.000000000000000000e+00,1.778445968244655485e-03
5.000000000000000000e-01,2.857142857142856429e-01,6.363636363636363535e-01,5.000000000000000000e-01,9.819354838709676292e-01,7.625775327360442279e-01,8.100152456901605902e-01,2.477718360071300974e-01,5.819935691318329773e-01,3.176470588235294490e-01,2.555555555555554803e-01,0.000000000000000000e+00,0.000000000000000000e+00
1.250000000000000000e-01,2.857142857142856429e-01,6.363636363636363535e-01,3.333333333333334259e-01,9.780645161290322243e-01,4.765678842177809016e-01,7.988741644189045754e-01,3.565062388591800357e-01,8.681672025723473629e-01,1.764705882352941013e-01,5.000000000000001110e-01,0.000000000000000000e+00,1.787613215503648526e-03
8.750000000000000000e-01,5.714285714285712858e-01,6.363636363636363535e-01,1.000000000000000000e+00,8.116129032258061482e-01,1.915920055134390509e-01,7.713146475900082288e-01,3.386809269162210229e-02,8.231511254019294732e-01,2.352941176470588480e-01,2.555555555555554803e-01,0.000000000000000000e+00,0.000000000000000000e+00
0.000000000000000000e+00,1.428571428571428770e-01,1.818181818181817400e-01,0.000000000000000000e+00,8.890322580645160233e-01,1.760854583046175259e-01,1.124662835698369834e-01,8.912655971479500894e-02,1.961414790996784674e-01,6.705882352941175961e-01,2.999999999999999889e-01,0.000000000000000000e+00,0.000000000000000000e+00
7.500000000000000000e-01,2.857142857142856429e-01,6.363636363636363535e-01,1.000000000000000000e+00,8.116129032258061482e-01,1.915920055134390509e-01,7.713146475900082288e-01,3.386809269162210229e-02,6.109324758842444858e-01,6.470588235294116863e-01,7.000000000000000666e-01,0.000000000000000000e+00,1.023064794103626350e-02
6.250000000000000000e-01,1.428571428571428770e-01,9.090909090909091161e-02,1.000000000000000000e+00,8.541935483870968238e-01,9.097174362508615719e-02,4.053008091943238744e-01,6.060606060606060080e-02,6.430868167202574703e-02,4.235294117647058765e-01,4.000000000000000222e-01,0.000000000000000000e+00,0.000000000000000000e+00
1.000000000000000000e+00,4.285714285714284921e-01,4.545454545454544748e-01,3.333333333333334259e-01,9.625806451612903825e-01,1.667815299793246053e-01,3.398616160431570665e-01,2.495543672014259862e-01,8.295819935691317593e-01,2.235294117647059209e-01,4.555555555555554914e-01,0.000000000000000000e+00,0.000000000000000000e+00
5.000000000000000000e-01,2.857142857142856429e-01,7.272727272727272929e-01,6.666666666666665186e-01,9.470967741935486517e-01,3.373535492763611310e-01,8.647824557288612546e-01,1.711229946524064072e-01,2.540192926045016231e-01,7.058823529411764053e-01,3.555555555555555136e-01,0.000000000000000000e+00,3.401048733086429066e-03
1.250000000000000000e-01,4.285714285714284921e-01,6.363636363636363535e-01,8.333333333333331483e-01,9.677419354838707743e-01,7.925568573397655525e-01,8.293655447402369374e-01,1.497326203208556583e-01,6.881028938906754711e-01,4.470588235294117863e-01,4.000000000000000222e-01,0.000000000000000000e+00,5.894539987532543442e-03
1.000000000000000000e+00,2.857142857142856429e-01,7.272727272727272929e-01,1.666666666666666297e-01,8.477419354838710008e-01,2.491385251550655433e-01,7.787029435909462727e-01,5.704099821746880239e-02,7.106109324758844714e-01,2.470588235294118029e-01,2.999999999999999889e-01,0.000000000000000000e+00,9.686113453852075728e-02
2.500000000000000000e-01,1.428571428571428770e-01,7.272727272727272929e-01,8.333333333333331483e-01,9.483870967741936386e-01,3.487250172294968920e-01,8.720534771901019555e-01,1.497326203208556583e-01,7.073954983922829953e-01,1.411764705882352922e-01,2.999999999999999889e-01,0.000000000000000000e+00,6.032048696417440133e-03
2.500000000000000000e-01,4.285714285714284921e-01,1.818181818181817400e-01,1.666666666666666297e-01,8.954838709677419573e-01,8.476912474155755273e-02,7.001290019936670661e-02,6.773618538324420457e-02,4.276527331189711734e-01,1.411764705882352922e-01,6.555555555555555580e-01,0.000000000000000000e+00,0.000000000000000000e+00
3.750000000000000000e-01,4.285714285714284921e-01,7.272727272727272929e-01,8.333333333333331483e-01,9.522580645161291546e-01,2.994486560992419277e-01,8.100152456901605902e-01,1.265597147950089374e-01,5.819935691318329773e-01,3.529411764705882026e-01,2.999999999999999889e-01,0.000000000000000000e+00,0.000000000000000000e+00
7.500000000000000000e-01,4.285714285714284921e-01,7.272727272727272929e-01,1.666666666666666297e-01,9.329032258064513528e-01,4.424534803583736742e-01,8.029787733083149082e-01,1.247771836007129931e-01,5.948553054662379935e-01,2.588235294117647856e-01,2.000000000000000111e-01,0.000000000000000000e+00,1.576766528546807988e-02
6.250000000000000000e-01,1.428571428571428770e-01,7.272727272727272929e-01,6.666666666666665186e-01,9.522580645161291546e-01,4.166092350103376418e-01,9.168523513545210335e-01,1.818181818181818232e-01,5.627009646302252310e-01,2.823529411764705843e-01,2.555555555555554803e-01,0.000000000000000000e+00,0.000000000000000000e+00
0.000000000000000000e+00,0.000000000000000000e+00,6.363636363636363535e-01,5.000000000000000000e-01,9.419354838709680378e-01,3.900758097863543106e-01,7.662718423830188197e-01,1.122994652406417299e-01,5.787781350482316123e-01,3.529411764705882026e-01,3.555555555555555136e-01,0.000000000000000000e+00,0.000000000000000000e+00
3.750000000000000000e-01,4.285714285714284921e-01,9.090909090909091161e-02,8.333333333333331483e-01,8.516129032258066278e-01,2.446588559614059147e-02,5.523630819749032056e-02,5.169340463458111518e-02,3.858520900321543712e-01,3.647058823529412130e-01,4.000000000000000222e-01,0.000000000000000000e+00,0.000000000000000000e+00
6.250000000000000000e-01,1.428571428571428770e-01,7.272727272727272929e-01,6.666666666666665186e-01,9.522580645161291546e-01,4.166092350103376418e-01,9.168523513545210335e-01,1.818181818181818232e-01,4.405144694533763006e-01,4.705882352941176960e-01,3.555555555555555136e-01,0.000000000000000000e+00,0.000000000000000000e+00
3.750000000000000000e-01,1.428571428571428770e-01,6.363636363636363535e-01,3.333333333333334259e-01,9.470967741935486517e-01,3.793935217091661261e-01,7.578280755248035794e-01,1.711229946524064072e-01,5.852090032154342314e-01,3.176470588235294490e-01,5.000000000000001110e-01,0.000000000000000000e+00,0.000000000000000000e+00
6.250000000000000000e-01,4.285714285714284921e-01,4.545454545454544748e-01,0.000000000000000000e+00,9.251612903225807649e-01,3.177119228118538974e-01,3.403307142019468268e-01,1.336898395721924926e-01,5.948553054662379935e-01,1.176470588235294518e-01,5.000000000000001110e-01,0.000000000000000000e+00,0.000000000000000000e+00
2.500000000000000000e-01,2.857142857142856429e-01,6.363636363636363535e-01,1.000000000000000000e+00,9.406451612903226067e-01,6.209510682288077454e-01,7.096282397091592253e-01,1.354723707664884369e-01,7.202572347266881225e-01,3.411764705882352477e-01,4.000000000000000222e-01,0.000000000000000000e+00,2.933519122877782485e-03
2.500000000000000000e-01,2.857142857142856429e-01,5.454545454545454142e-01,0.000000000000000000e+00,9.793548387096769892e-01,5.475534114403859398e-01,6.559165005277356464e-01,2.976827094474153168e-01,5.048231511254019921e-01,3.882352941176471228e-01,2.555555555555554803e-01,0.000000000000000000e+00,0.000000000000000000e+00
2.500000000000000000e-01,2.857142857142856429e-01,6.363636363636363535e-01,1.000000000000000000e+00,9.832258064516129492e-01,4.452101998621640910e-01,6.792541339275244283e-01,2.513368983957218750e-01,6.816720257234728519e-01,2.941176470588235392e-01,5.999999999999999778e-01,0.000000000000000000e+00,1.182574896410105905e-03
8.750000000000000000e-01,5.714285714285712858e-01,6.363636363636363535e-01,0.000000000000000000e+00,9.470967741935486517e-01,7.095106822880771213e-01,7.795238653688284503e-01,1.461675579322637974e-01,6.077170418006432318e-01,4.588235294117646856e-01,2.000000000000000111e-01,0.000000000000000000e+00,0.000000000000000000e+00
1.250000000000000000e-01,4.285714285714284921e-01,6.363636363636363535e-01,8.333333333333331483e-01,9.677419354838707743e-01,7.925568573397655525e-01,8.293655447402369374e-01,1.497326203208556583e-01,5.369774919614147546e-01,5.764705882352940680e-01,5.000000000000001110e-01,0.000000000000000000e+00,0.000000000000000000e+00
6.250000000000000000e-01,2.857142857142856429e-01,7.272727272727272929e-01,1.666666666666666297e-01,9.329032258064513528e-01,4.424534803583736742e-01,8.029787733083149082e-01,1.247771836007129931e-01,5.176848874598072303e-01,2.941176470588235392e-01,2.555555555555554803e-01,0.000000000000000000e+00,0.000000000000000000e+00
7.500000000000000000e-01,2.857142857142856429e-01,7.272727272727272929e-01,0.000000000000000000e+00,9.316129032258065878e-01,4.321157822191591391e-01,7.958250263867713281e-01,1.247771836007129931e-01,5.530546623794212469e-01,3.882352941176471228e-01,9.999999999999997780e-02,0.000000000000000000e+00,0.000000000000000000e+00
8.750000000000000000e-01,5.714285714285712858e-01,6.363636363636363535e-01,3.333333333333334259e-01,9.870967741935485762e-01,7.463818056512748766e-01,7.999296352761815498e-01,3.208556149732619822e-01,8.360128617363342673e-01,1.647058823529411742e-01,1.555555555555555303e-01,0.000000000000000000e+00,5.372006893769939485e-03
3.750000000000000000e-01,4.285714285714284921e-01,0.000000000000000000e+00,1.000000000000000000e+00,0.000000000000000000e+00,0.000000000000000000e+00,1.917438724053008026e-01,0.000000000000000000e+00,9.646302250803860667e-02,1.000000000000000000e+00,5.555555555555554553e-02,0.000000000000000000e+00,0.000000000000000000e+00
2.500000000000000000e-01,5.714285714285712858e-01,4.545454545454544748e-01,6.666666666666665186e-01,9.341935483870965617e-01,3.204686423156444253e-01,2.629295180016418820e-01,1.265597147950089374e-01,5.466237942122188498e-01,2.705882352941175739e-01,4.555555555555554914e-01,0.000000000000000000e+00,0.000000000000000000e+00
2.500000000000000000e-01,2.857142857142856429e-01,7.272727272727272929e-01,6.666666666666665186e-01,9.470967741935486517e-01,3.373535492763611310e-01,8.647824557288612546e-01,1.711229946524064072e-01,4.887459807073956108e-01,4.941176470588233838e-01,4.555555555555554914e-01,0.000000000000000000e+00,0.000000000000000000e+00
