3.750000000000000000e-01,2.857142857142856429e-01,6.363636363636363535e-01,8.333333333333331483e-01,9.225806451612903469e-01,3.301171605789111063e-01,7.227629881552717350e-01,1.586452762923351023e-01,5.209003215434084844e-01,3.176470588235294490e-01,7.000000000000000666e-01,0.000000000000000000e+00,0.000000000000000000e+00
1.000000000000000000e+00,2.857142857142856429e-01,5.454545454545454142e-01,8.333333333333331483e-01,9.406451612903226067e-01,3.552722260509992847e-01,5.476721003870060889e-01,1.604278074866309911e-01,7.427652733118973449e-01,2.823529411764705843e-01,5.555555555555554553e-02,0.000000000000000000e+00,7.333797807194454912e-03
2.500000000000000000e-01,2.857142857142856429e-01,6.363636363636363535e-01,1.666666666666666297e-01,9.045161290322579761e-01,5.037904893177119758e-01,7.113873578046207014e-01,1.604278074866309911e-01,3.922829581993569348e-01,6.000000000000000888e-01,5.555555555555554692e-01,0.000000000000000000e+00,0.000000000000000000e+00
5.000000000000000000e-01,2.857142857142856429e-01,7.272727272727272929e-01,3.333333333333334259e-01,9.574193548387095465e-01,4.555478980013784041e-01,8.111879910871350186e-01,1.639928698752227687e-01,6.334405144694535972e-01,2.352941176470588480e-01,1.555555555555555303e-01,0.000000000000000000e+00,2.355982545561218985e-03
1.250000000000000000e-01,0.000000000000000000e+00,6.363636363636363535e-01,1.666666666666666297e-01,9.793548387096769892e-01,7.270847691247414035e-01,7.892576521637152398e-01,1.693404634581105184e-01,8.263665594855308383e-01,1.411764705882352922e-01,2.000000000000000111e-01,0.000000000000000000e+00,0.000000000000000000e+00
1.250000000000000000e-01,2.857142857142856429e-01,6.363636363636363535e-01,1.000000000000000000e+00,9.406451612903226067e-01,6.209510682288077454e-01,7.096282397091592253e-01,1.354723707664884369e-01,6.012861736334405016e-01,4.117647058823529771e-01,2.000000000000000111e-01,0.000000000000000000e+00,1.466759561438891329e-02
6.250000000000000000e-01,4.285714285714284921e-01,7.272727272727272929e-01,1.666666666666666297e-01,9.445161290322580117e-01,3.811164713990352060e-01,8.941010906532191882e-01,1.158645276292334936e-01,6.077170418006432318e-01,2.352941176470588480e-01,2.555555555555554803e-01,0.000000000000000000e+00,5.179494701331084985e-03
8.750000000000000000e-01,5.714285714285712858e-01,6.363636363636363535e-01,5.000000000000000000e-01,9.290322580645159478e-01,6.650585802894555254e-01,7.448106016183886346e-01,1.212121212121211739e-01,6.141479099678456288e-01,3.058823529411764386e-01,3.555555555555555136e-01,0.000000000000000000e+00,0.000000000000000000e+00
8.750000000000000000e-01,5.714285714285712858e-01,6.363636363636363535e-01,3.333333333333334259e-01,8.632258064516129537e-01,3.077188146106134004e-01,7.056409053594464575e-01,1.176470588235294240e-01,4.887459807073956108e-01,4.117647058823529771e-01,4.000000000000000222e-01,0.000000000000000000e+00,2.465989512669135904e-03
3.750000000000000000e-01,4.285714285714284921e-01,7.272727272727272929e-01,5.000000000000000000e-01,9.574193548387095465e-01,4.682977257064093179e-01,8.191626597865603321e-01,1.639928698752227687e-01,6.398713826366559942e-01,2.235294117647059209e-01,1.555555555555555303e-01,0.000000000000000000e+00,1.335667925635290222e-02
3.750000000000000000e-01,2.857142857142856429e-01,1.818181818181817400e-01,8.333333333333331483e-01,9.419354838709680378e-01,1.195727084769124815e-01,8.549313943942771221e-02,1.390374331550801867e-01,4.758842443729903171e-01,1.411764705882352922e-01,5.000000000000001110e-01,0.000000000000000000e+00,2.627333064427413503e-02
1.250000000000000000e-01,0.000000000000000000e+00,1.818181818181817400e-01,1.000000000000000000e+00,9.109677419354835770e-01,1.729841488628531820e-01,1.105898909346780812e-01,1.711229946524064072e-01,2.990353697749196793e-01,2.823529411764705843e-01,5.999999999999999778e-01,0.000000000000000000e+00,0.000000000000000000e+00
6.250000000000000000e-01,4.285714285714284921e-01,6.363636363636363535e-01,5.000000000000000000e-01,9.870967741935485762e-01,4.500344589937972373e-01,6.695203471326376388e-01,1.853832442067736008e-01,8.102893890675241240e-01,8.235294117647057321e-02,4.000000000000000222e-01,0.000000000000000000e+00,8.250522533093761343e-04
6.250000000000000000e-01,4.285714285714284921e-01,4.545454545454544748e-01,0.000000000000000000e+00,9.251612903225807649e-01,3.177119228118538974e-01,3.403307142019468268e-01,1.336898395721924926e-01,5.434083601286175957e-01,2.823529411764705843e-01,5.555555555555554692e-01,0.000000000000000000e+00,3.226871035165561081e-03
0.000000000000000000e+00,0.000000000000000000e+00,7.272727272727272929e-01,5.000000000000000000e-01,9.574193548387095465e-01,4.682977257064093179e-01,8.191626597865603321e-01,1.639928698752227687e-01,6.495176848874596454e-01,2.235294117647059209e-01,2.000000000000000111e-01,0.000000000000000000e+00,0.000000000000000000e+00
1.250000000000000000e-01,0.000000000000000000e+00,6.363636363636363535e-01,5.000000000000000000e-01,9.587096774193547555e-01,2.556857339765679082e-01,5.379383135921191883e-01,1.372549019607843257e-01,5.337620578778133895e-01,2.352941176470588480e-01,5.000000000000001110e-01,0.000000000000000000e+00,0.000000000000000000e+00
1.250000000000000000e-01,0.000000000000000000e+00,7.272727272727272929e-01,8.333333333333331483e-01,9.522580645161291546e-01,4.135079255685734645e-01,7.816348070833819550e-01,1.532976827094474082e-01,5.144694533762057542e-01,3.647058823529412130e-01,1.555555555555555303e-01,0.000000000000000000e+00,1.842066664222067607e-01
2.500000000000000000e-01,2.857142857142856429e-01,9.090909090909091161e-02,3.333333333333334259e-01,8.800000000000001155e-01,1.895244658855960856e-02,1.266565028732262281e-02,5.704099821746880239e-02,2.122186495176849319e-01,2.352941176470588480e-01,2.999999999999999889e-01,0.000000000000000000e+00,1.008397198489237702e-03
8.750000000000000000e-01,5.714285714285712858e-01,6.363636363636363535e-01,5.000000000000000000e-01,9.290322580645159478e-01,6.650585802894555254e-01,7.448106016183886346e-01,1.212121212121211739e-01,4.501607717041801182e-01,5.647058823529411686e-01,2.555555555555554803e-01,0.000000000000000000e+00,1.497011477393568081e-02
1.250000000000000000e-01,0.000000000000000000e+00,6.363636363636363535e-01,8.333333333333331483e-01,9.677419354838707743e-01,7.925568573397655525e-01,8.293655447402369374e-01,1.497326203208556583e-01,6.334405144694535972e-01,3.176470588235294490e-01,2.000000000000000111e-01,0.000000000000000000e+00,1.600876388837959852e-01
2.500000000000000000e-01,5.714285714285712858e-01,7.272727272727272929e-01,0.000000000000000000e+00,9.316129032258065878e-01,4.321157822191591391e-01,7.958250263867713281e-01,1.247771836007129931e-01,4.308681672025724274e-01,6.000000000000000888e-01,2.999999999999999889e-01,0.000000000000000000e+00,0.000000000000000000e+00
8.750000000000000000e-01,5.714285714285712858e-01,6.363636363636363535e-01,1.000000000000000000e+00,9.496774193548388476e-01,2.901447277739490072e-01,5.630350650873695573e-01,2.620320855614973188e-01,6.430868167202572483e-01,1.647058823529411742e-01,5.555555555555554692e-01,0.000000000000000000e+00,0.000000000000000000e+00
3.750000000000000000e-01,4.285714285714284921e-01,9.090909090909091161e-02,1.000000000000000000e+00,8.554838709677420328e-01,2.722260509993107772e-02,5.746452445174153600e-02,6.238859180035649654e-02,2.540192926045016231e-01,5.529411764705881582e-01,1.555555555555555303e-01,0.000000000000000000e+00,4.746800630706612262e-02
2.500000000000000000e-01,2.857142857142856429e-01,7.272727272727272929e-01,5.000000000000000000e-01,9.341935483870965617e-01,3.001378359751895597e-01,8.488331183300106275e-01,1.479500891265597418e-01,6.623794212218649946e-01,3.647058823529412130e-01,4.000000000000000222e-01,0.000000000000000000e+00,4.537787393201569118e-03
2.500000000000000000e-01,2.857142857142856429e-01,7.272727272727272929e-01,1.000000000000000000e+00,9.148387096774192040e-01,2.860096485182633264e-01,8.284273484226574169e-01,1.016042780748663277e-01,6.945337620578779791e-01,2.352941176470588480e-01,3.555555555555555136e-01,0.000000000000000000e+00,4.748634080158409265e-03
8.750000000000000000e-01,5.714285714285712858e-01,6.363636363636363535e-01,8.333333333333331483e-01,9.677419354838707743e-01,7.925568573397655525e-01,8.293655447402369374e-01,1.497326203208556583e-01,5.369774919614147546e-01,5.764705882352940680e-01,5.000000000000001110e-01,0.000000000000000000e+00,0.000000000000000000e+00
7.500000000000000000e-01,2.857142857142856429e-01,5.454545454545454142e-01,8.333333333333331483e-01,9.406451612903226067e-01,3.552722260509992847e-01,5.476721003870060889e-01,1.604278074866309911e-01,7.073954983922829953e-01,2.000000000000000111e-01,1.555555555555555303e-01,0.000000000000000000e+00,0.000000000000000000e+00
7.500000000000000000e-01,2.857142857142856429e-01,9.090909090909091161e-02,1.000000000000000000e+00,8.412903225806454000e-01,2.618883528600964711e-02,2.838043860677846170e-02,3.743315508021391458e-02,2.122186495176849319e-01,6.235294117647057766e-01,2.000000000000000111e-01,0.000000000000000000e+00,1.196325767298595660e-02
5.000000000000000000e-01,5.714285714285712858e-01,7.272727272727272929e-01,0.000000000000000000e+00,9.316129032258065878e-01,4.321157822191591391e-01,7.958250263867713281e-01,1.247771836007129931e-01,4.019292604501607524e-01,6.470588235294116863e-01,3.555555555555555136e-01,0.000000000000000000e+00,0.000000000000000000e+00
3.750000000000000000e-01,2.857142857142856429e-01,1.818181818181817400e-01,8.333333333333331483e-01,9.419354838709680378e-01,1.195727084769124815e-01,8.549313943942771221e-02,1.390374331550801867e-01,4.758842443729903171e-01,1.411764705882352922e-01,5.000000000000001110e-01,0.000000000000000000e+00,2.627333064427413503e-02
0.000000000000000000e+00,1.428571428571428770e-01,6.363636363636363535e-01,8.333333333333331483e-01,9.470967741935486517e-01,6.095796002756719290e-01,7.005981001524568264e-01,1.711229946524064072e-01,6.784565916398714869e-01,2.941176470588235392e-01,4.000000000000000222e-01,0.000000000000000000e+00,5.830369256719592809e-03
1.250000000000000000e-01,2.857142857142856429e-01,6.363636363636363535e-01,1.000000000000000000e+00,9.664516129032257874e-01,8.063404548587180809e-01,8.387475079160313651e-01,1.800356506238859067e-01,6.012861736334405016e-01,6.000000000000000888e-01,5.000000000000001110e-01,0.000000000000000000e+00,1.406255729529536785e-02
3.750000000000000000e-01,2.857142857142856429e-01,1.000000000000000000e+00,0.000000000000000000e+00,8.606451612903226467e-01,8.373535492763611865e-02,4.008443766858215129e-01,4.634581105169340715e-02,7.717041800643086036e-02,7.058823529411767383e-02,9.000000000000000222e-01,0.000000000000000000e+00,8.956400572036228927e-03
3.750000000000000000e-01,4.285714285714284921e-01,6.363636363636363535e-01,3.333333333333334259e-01,9.870967741935485762e-01,7.463818056512748766e-01,7.999296352761815498e-01,3.208556149732619822e-01,6.816720257234728519e-01,4.000000000000000222e-01,5.555555555555554692e-01,0.000000000000000000e+00,5.894539987532543442e-03
3.750000000000000000e-01,2.857142857142856429e-01,7.272727272727272929e-01,8.333333333333331483e-01,9.354838709677422148e-01,4.248793935217092255e-01,9.234197255775772328e-01,1.515151515151515194e-01,4.790996784565916822e-01,3.058823529411764386e-01,2.000000000000000111e-01,0.000000000000000000e+00,1.028565142459022391e-02
3.750000000000000000e-01,2.857142857142856429e-01,1.818181818181817400e-01,6.666666666666665186e-01,8.670967741935484696e-01,6.340454858718125308e-02,5.793362261053124768e-02,4.991087344028520556e-02,3.697749196141478789e-01,3.294117647058823484e-01,5.999999999999999778e-01,0.000000000000000000e+00,0.000000000000000000e+00
6.250000000000000000e-01,2.857142857142856429e-01,1.818181818181817400e-01,8.333333333333331483e-01,9.303225806451611568e-01,1.405926946933149790e-01,9.557874985340683582e-02,1.408199643493761311e-01,3.569131832797428627e-01,3.176470588235294490e-01,5.555555555555554553e-02,0.000000000000000000e+00,6.783762971654872485e-03
8.750000000000000000e-01,4.285714285714284921e-01,8.181818181818182323e-01,0.000000000000000000e+00,8.541935483870968238e-01,1.092350103376981546e-01,7.696728040342440957e-01,5.347593582887700397e-02,4.662379421221866105e-01,3.764705882352941679e-01,5.000000000000001110e-01,0.000000000000000000e+00,0.000000000000000000e+00
6.250000000000000000e-01,5.714285714285712858e-01,6.363636363636363535e-01,8.333333333333331483e-01,9.974193548387098041e-01,5.613370089593383572e-01,7.448106016183886346e-01,2.495543672014259862e-01,9.196141479099679827e-01,1.764705882352941013e-01,5.000000000000001110e-01,0.000000000000000000e+00,7.874665395475046251e-03
0.000000000000000000e+00,2.857142857142856429e-01,7.272727272727272929e-01,0.000000000000000000e+00,9.470967741935486517e-01,2.984148862853204243e-01,8.364020171220828415e-01,1.693404634581105184e-01,5.112540192926047222e-01,4.588235294117646856e-01,2.999999999999999889e-01,0.000000000000000000e+00,1.952623666165523904e-03
8.750000000000000000e-01,5.714285714285712858e-01,6.363636363636363535e-01,5.000000000000000000e-01,9.819354838709676292e-01,7.625775327360442279e-01,8.100152456901605902e-01,2.477718360071300974e-01,8.135048231511254890e-01,1.411764705882352922e-01,5.000000000000001110e-01,0.000000000000000000e+00,6.841333284441347695e-01
6.250000000000000000e-01,4.285714285714284921e-01,1.818181818181817400e-01,1.000000000000000000e+00,9.212903225806452490e-01,1.257753273604411137e-01,8.889410109065319643e-02,1.283422459893047984e-01,3.279742765273312433e-01,4.588235294117646856e-01,3.555555555555555136e-01,0.000000000000000000e+00,1.109236918338161321e-02
6.250000000000000000e-01,1.428571428571428770e-01,9.090909090909091161e-02,6.666666666666665186e-01,8.438709677419353739e-01,2.136457615437628924e-02,5.265626832414681963e-02,4.812834224598930288e-02,4.019292604501607524e-01,3.176470588235294490e-01,2.555555555555554803e-01,0.000000000000000000e+00,0.000000000000000000e+00
1.250000000000000000e-01,4.285714285714284921e-01,6.363636363636363535e-01,5.000000000000000000e-01,8.877419354838710364e-01,2.615437629221226690e-01,8.055588131816582287e-01,8.912655971479500894e-02,6.463022508038587244e-01,3.647058823529412130e-01,4.000000000000000222e-01,0.000000000000000000e+00,0.000000000000000000e+00
3.750000000000000000e-01,2.857142857142856429e-01,7.272727272727272929e-01,3.333333333333334259e-01,9.535483870967742526e-01,3.938662991040661754e-01,9.020757593526446128e-01,1.568627450980392135e-01,5.627009646302252310e-01,3.058823529411764386e-01,1.555555555555555303e-01,0.000000000000000000e+00,1.448425066920905379e-03
6.250000000000000000e-01,2.857142857142856429e-01,7.272727272727272929e-01,1.666666666666666297e-01,9.329032258064513528e-01,4.424534803583736742e-01,8.029787733083149082e-01,1.247771836007129931e-01,5.305466237942122465e-01,3.294117647058823484e-01,2.555555555555554803e-01,0.000000000000000000e+00,9.478016941072935075e-02
5.000000000000000000e-01,2.857142857142856429e-01,5.454545454545454142e-01,3.333333333333334259e-01,9.677419354838707743e-01,3.452791178497587876e-01,5.287908994957195574e-01,2.121212121212120993e-01,5.498392282958201038e-01,2.823529411764705843e-01,7.555555555555556468e-01,0.000000000000000000e+00,7.086282131201643471e-03
3.750000000000000000e-01,4.285714285714284921e-01,7.272727272727272929e-01,6.666666666666665186e-01,9.754838709677420283e-01,2.894555478980013752e-01,8.026269496892224353e-01,2.834224598930481509e-01,4.983922829581993730e-01,2.588235294117647856e-01,3.555555555555555136e-01,0.000000000000000000e+00,0.000000000000000000e+00
3.750000000000000000e-01,4.285714285714284921e-01,1.818181818181817400e-01,5.000000000000000000e-01,9.380645161290324108e-01,1.019986216402481022e-01,7.787029435909466335e-02,1.336898395721924926e-01,5.144694533762057542e-01,1.647058823529411742e-01,2.999999999999999889e-01,0.000000000000000000e+00,0.000000000000000000e+00
1.250000000000000000e-01,2.857142857142856429e-01,7.272727272727272929e-01,8.333333333333331483e-01,9.522580645161291546e-01,4.135079255685734645e-01,7.816348070833819550e-01,1.532976827094474082e-01,7.041800643086817413e-01,1.647058823529411742e-01,4.555555555555554914e-01,0.000000000000000000e+00,0.000000000000000000e+00
5.000000000000000000e-01,4.285714285714284921e-01,6.363636363636363535e-01,1.000000000000000000e+00,9.716129032258064013e-01,1.612680909717436606e-01,1.088307728392166190e-01,1.907308377896612672e-01,4.855305466237943013e-01,7.647058823529411242e-01,4.555555555555554914e-01,0.000000000000000000e+00,0.000000000000000000e+00
8.750000000000000000e-01,5.714285714285712858e-01,6.363636363636363535e-01,8.333333333333331483e-01,9.677419354838707743e-01,7.925568573397655525e-01,8.293655447402369374e-01,1.497326203208556583e-01,7.942122186495178537e-01,1.882352941176470562e-01,3.555555555555555136e-01,0.000000000000000000e+00,4.546954640460562809e-03
5.000000000000000000e-01,5.714285714285712858e-01,7.272727272727272929e-01,3.333333333333334259e-01,9.754838709677420283e-01,2.894555478980013752e-01,8.026269496892224353e-01,2.834224598930481509e-01,7.620578778135049802e-01,1.058823529411764691e-01,4.000000000000000222e-01,0.000000000000000000e+00,0.000000000000000000e+00
7.500000000000000000e-01,4.285714285714284921e-01,1.818181818181817400e-01,6.666666666666665186e-01,8.709677419354838745e-01,8.649207443142657714e-02,1.013252022985809686e-01,9.090909090909091161e-02,1.929260450160771856e-01,4.235294117647058765e-01,7.000000000000000666e-01,0.000000000000000000e+00,0.000000000000000000e+00
2.500000000000000000e-01,2.857142857142856429e-01,6.363636363636363535e-01,1.666666666666666297e-01,9.470967741935486517e-01,5.220537560303238900e-01,7.626363316523983027e-01,2.549019607843137636e-01,6.045016077170419777e-01,2.000000000000000111e-01,2.999999999999999889e-01,0.000000000000000000e+00,0.000000000000000000e+00
7.500000000000000000e-01,2.857142857142856429e-01,7.272727272727272929e-01,6.666666666666665186e-01,9.754838709677420283e-01,2.894555478980013752e-01,8.026269496892224353e-01,2.834224598930481509e-01,5.755627009646302472e-01,3.764705882352941679e-01,5.000000000000001110e-01,0.000000000000000000e+00,2.395401708774888908e-02
0.000000000000000000e+00,0.000000000000000000e+00,6.363636363636363535e-01,5.000000000000000000e-01,9.329032258064513528e-01,5.585802894555478293e-01,8.637269848715845022e-01,1.800356506238859067e-01,7.877813504823153457e-01,2.352941176470588480e-01,1.555555555555555303e-01,0.000000000000000000e+00,5.317003410215980809e-03
0.000000000000000000e+00,0.000000000000000000e+00,5.454545454545454142e-01,6.666666666666665186e-01,9.290322580645159478e-01,2.749827705031013259e-01,4.226574410695437822e-01,2.994652406417113166e-01,4.051446945337620620e-01,7.411764705882354365e-01,8.444444444444444420e-01,0.000000000000000000e+00,0.000000000000000000e+00
1.250000000000000000e-01,2.857142857142856429e-01,7.272727272727272929e-01,8.333333333333331483e-01,9.638709677419355915e-01,4.972432804962095276e-01,8.367538407411752033e-01,1.443850267379679086e-01,8.488745980707397276e-01,1.411764705882352922e-01,2.000000000000000111e-01,0.000000000000000000e+00,1.475926808697884283e-03
8.750000000000000000e-01,5.714285714285712858e-01,6.363636363636363535e-01,6.666666666666665186e-01,9.703225806451614144e-01,4.638180565127498212e-01,6.787850357687347236e-01,2.691622103386808740e-01,5.980707395498392476e-01,2.235294117647059209e-01,5.000000000000001110e-01,0.000000000000000000e+00,6.380404092259176103e-03
3.750000000000000000e-01,4.285714285714284921e-01,6.363636363636363535e-01,5.000000000000000000e-01,9.122580645161292301e-01,9.135079255685734090e-01,9.328016887533715495e-01,9.982174688057038336e-02,4.887459807073956108e-01,4.588235294117646856e-01,2.999999999999999889e-01,0.000000000000000000e+00,0.000000000000000000e+00
2.500000000000000000e-01,2.857142857142856429e-01,6.363636363636363535e-01,1.000000000000000000e+00,9.380645161290324108e-01,4.869055823569952146e-01,6.960243931042572330e-01,1.889483065953654062e-01,5.659163987138264851e-01,2.823529411764705843e-01,5.555555555555554692e-01,0.000000000000000000e+00,0.000000000000000000e+00
2.500000000000000000e-01,2.857142857142856429e-01,6.363636363636363535e-01,8.333333333333331483e-01,9.432258064516130247e-01,5.851137146795313271e-01,8.026269496892224353e-01,2.442067736185382920e-01,5.916398713826367395e-01,5.176470588235293491e-01,5.555555555555554553e-02,0.000000000000000000e+00,0.000000000000000000e+00
2.500000000000000000e-01,2.857142857142856429e-01,6.363636363636363535e-01,1.000000000000000000e+00,9.380645161290324108e-01,4.869055823569952146e-01,6.960243931042572330e-01,1.889483065953654062e-01,5.659163987138264851e-01,2.823529411764705843e-01,5.555555555555554692e-01,0.000000000000000000e+00,0.000000000000000000e+00
7.500000000000000000e-01,2.857142857142856429e-01,5.454545454545454142e-01,8.333333333333331483e-01,9.406451612903226067e-01,3.552722260509992847e-01,5.476721003870060889e-01,1.604278074866309911e-01,7.106109324758844714e-01,1.764705882352941013e-01,1.555555555555555303e-01,0.000000000000000000e+00,0.000000000000000000e+00
2.500000000000000000e-01,2.857142857142856429e-01,6.363636363636363535e-01,1.000000000000000000e+00,9.432258064516130247e-01,5.995864920744313764e-01,8.124780110238066788e-01,2.459893048128342363e-01,7.909967845659163777e-01,2.705882352941175739e-01,6.555555555555555580e-01,0.000000000000000000e+00,6.967107916834734595e-04
2.500000000000000000e-01,4.285714285714284921e-01,1.818181818181817400e-01,0.000000000000000000e+00,8.890322580645160233e-01,1.760854583046175259e-01,1.124662835698369834e-01,8.912655971479500894e-02,2.186495176848874955e-01,4.000000000000000222e-01,2.000000000000000111e-01,0.000000000000000000e+00,0.000000000000000000e+00
8.750000000000000000e-01,4.285714285714284921e-01,7.272727272727272929e-01,1.000000000000000000e+00,9.161290322580646350e-01,3.063404548587181364e-01,8.168171689926116974e-01,8.556149732620320358e-02,5.016077170418007380e-01,6.117647058823528772e-01,2.000000000000000111e-01,0.000000000000000000e+00,1.842616699057606552e-03
6.250000000000000000e-01,1.428571428571428770e-01,7.272727272727272929e-01,1.666666666666666297e-01,9.238709677419354449e-01,2.742935906271536384e-01,8.470740002345491515e-01,1.122994652406417299e-01,5.144694533762057542e-01,5.529411764705881582e-01,4.555555555555554914e-01,0.000000000000000000e+00,0.000000000000000000e+00
3.750000000000000000e-01,2.857142857142856429e-01,7.272727272727272929e-01,0.000000000000000000e+00,9.316129032258065878e-01,4.321157822191591391e-01,7.958250263867713281e-01,1.247771836007129931e-01,4.983922829581993730e-01,2.823529411764705843e-01,2.000000000000000111e-01,0.000000000000000000e+00,2.814344908510872743e-03
1.250000000000000000e-01,2.857142857142856429e-01,6.363636363636363535e-01,6.666666666666665186e-01,9.329032258064513528e-01,5.713301171605789097e-01,8.733434971267738378e-01,1.265597147950089374e-01,7.620578778135049802e-01,3.058823529411764386e-01,3.555555555555555136e-01,0.000000000000000000e+00,0.000000000000000000e+00
3.750000000000000000e-01,1.428571428571428770e-01,8.181818181818182323e-01,1.000000000000000000e+00,9.535483870967742526e-01,1.564438318401102646e-01,8.020405769907351656e-01,1.568627450980392135e-01,3.729903536977492440e-01,4.117647058823529771e-01,2.555555555555554803e-01,0.000000000000000000e+00,0.000000000000000000e+00
3.750000000000000000e-01,1.428571428571428770e-01,5.454545454545454142e-01,1.000000000000000000e+00,9.677419354838707743e-01,3.452791178497587876e-01,4.872757124428286901e-01,2.620320855614973188e-01,7.684887459807075993e-01,3.529411764705882026e-01,4.000000000000000222e-01,0.000000000000000000e+00,6.747093982618899456e-03
8.750000000000000000e-01,5.714285714285712858e-01,7.272727272727272929e-01,6.666666666666665186e-01,9.341935483870965617e-01,3.108201240523776332e-01,8.563386888706463473e-01,1.283422459893047984e-01,5.948553054662379935e-01,3.647058823529412130e-01,2.555555555555554803e-01,0.000000000000000000e+00,2.766675222764108585e-02
1.000000000000000000e+00,2.857142857142856429e-01,5.454545454545454142e-01,0.000000000000000000e+00,9.496774193548388476e-01,3.135768435561682166e-01,5.092060513662483023e-01,1.746880570409982403e-01,6.623794212218649946e-01,1.411764705882352922e-01,4.555555555555554914e-01,0.000000000000000000e+00,1.494261303215870364e-03
8.750000000000000000e-01,8.571428571428570953e-01,6.363636363636363535e-01,3.333333333333334259e-01,9.419354838709680378e-01,6.557546519641626048e-01,7.364841092998708483e-01,1.390374331550801867e-01,7.717041800643086313e-01,2.470588235294118029e-01,4.555555555555554914e-01,0.000000000000000000e+00,1.702907850830552294e-01
0.000000000000000000e+00,0.000000000000000000e+00,6.363636363636363535e-01,6.666666666666665186e-01,9.329032258064513528e-01,5.713301171605789097e-01,8.733434971267738378e-01,1.265597147950089374e-01,5.241157556270097384e-01,6.823529411764704955e-01,9.000000000000000222e-01,0.000000000000000000e+00,0.000000000000000000e+00
3.750000000000000000e-01,4.285714285714284921e-01,7.272727272727272929e-01,0.000000000000000000e+00,9.019354838709675581e-01,3.125430737422467131e-01,8.232672686759704428e-01,1.265597147950089374e-01,4.887459807073956108e-01,4.823529411764704844e-01,5.555555555555554692e-01,0.000000000000000000e+00,0.000000000000000000e+00
1.250000000000000000e-01,2.857142857142856429e-01,6.363636363636363535e-01,1.000000000000000000e+00,9.741935483870968193e-01,4.176430048242592008e-01,6.825378210390524725e-01,2.299465240641711539e-01,4.244372990353698638e-01,6.000000000000000888e-01,4.000000000000000222e-01,0.000000000000000000e+00,9.286421473359982720e-03
5.000000000000000000e-01,2.857142857142856429e-01,6.363636363636363535e-01,1.666666666666666297e-01,9.858064516129031452e-01,4.831150930392832943e-01,7.011844728509440960e-01,3.155080213903743713e-01,7.781350482315112504e-01,2.235294117647059209e-01,3.555555555555555136e-01,0.000000000000000000e+00,1.503428550474863491e-02
3.750000000000000000e-01,1.428571428571428770e-01,6.363636363636363535e-01,5.000000000000000000e-01,9.419354838709680378e-01,3.900758097863543106e-01,7.662718423830188197e-01,1.122994652406417299e-01,4.951768488745981744e-01,3.529411764705882026e-01,3.555555555555555136e-01,0.000000000000000000e+00,0.000000000000000000e+00
0.000000000000000000e+00,2.857142857142856429e-01,7.272727272727272929e-01,1.666666666666666297e-01,9.329032258064513528e-01,4.424534803583736742e-01,8.029787733083149082e-01,1.247771836007129931e-01,6.270096463022509781e-01,2.705882352941175739e-01,2.000000000000000111e-01,0.000000000000000000e+00,3.941916321367019862e-04
1.250000000000000000e-01,0.000000000000000000e+00,6.363636363636363535e-01,1.666666666666666297e-01,9.470967741935486517e-01,5.220537560303238900e-01,7.626363316523983027e-01,2.549019607843137636e-01,6.302250803858522321e-01,4.823529411764704844e-01,2.999999999999999889e-01,0.000000000000000000e+00,4.766968574676396214e-04
0.000000000000000000e+00,1.428571428571428770e-01,6.363636363636363535e-01,6.666666666666665186e-01,9.961290322580648171e-01,5.406616126809096201e-01,7.337867948868300738e-01,2.014260249554367666e-01,9.710610932475886026e-01,1.411764705882352922e-01,2.000000000000000111e-01,0.000000000000000000e+00,0.000000000000000000e+00
6.250000000000000000e-01,4.285714285714284921e-01,1.818181818181817400e-01,6.666666666666665186e-01,9.354838709677422148e-01,1.626464507236388413e-01,1.054298111879910793e-01,2.228163992869875432e-01,3.987138263665596094e-01,1.294117647058823928e-01,1.000000000000000000e+00,0.000000000000000000e+00,2.319313556525246390e-03
6.250000000000000000e-01,4.285714285714284921e-01,1.818181818181817400e-01,5.000000000000000000e-01,9.367741935483869797e-01,6.719503790489320116e-02,4.174973613228568498e-02,1.515151515151515194e-01,3.569131832797428627e-01,1.411764705882352922e-01,3.555555555555555136e-01,0.000000000000000000e+00,6.059550438194419471e-03
0.000000000000000000e+00,4.285714285714284921e-01,7.272727272727272929e-01,1.000000000000000000e+00,9.651612903225808004e-01,5.106822880771881845e-01,8.451976075993902215e-01,1.443850267379679086e-01,8.231511254019294732e-01,1.411764705882352922e-01,2.999999999999999889e-01,0.000000000000000000e+00,8.725385941109604915e-02
0.000000000000000000e+00,2.857142857142856429e-01,5.454545454545454142e-01,1.666666666666666297e-01,9.496774193548388476e-01,3.277050310130944499e-01,5.187052890817404061e-01,2.156862745098039880e-01,6.816720257234728519e-01,1.882352941176470562e-01,5.555555555555554692e-01,0.000000000000000000e+00,0.000000000000000000e+00
3.750000000000000000e-01,4.285714285714284921e-01,7.272727272727272929e-01,5.000000000000000000e-01,9.574193548387095465e-01,4.682977257064093179e-01,8.191626597865603321e-01,1.639928698752227687e-01,6.205787781350482479e-01,0.000000000000000000e+00,5.555555555555554553e-02,0.000000000000000000e+00,1.013897546844633527e-02
1.250000000000000000e-01,4.285714285714284921e-01,4.545454545454544748e-01,5.000000000000000000e-01,9.677419354838707743e-01,4.155754651964163049e-01,4.014307493843087271e-01,3.208556149732619822e-01,6.591639871382637406e-01,2.941176470588235392e-01,1.000000000000000000e+00,0.000000000000000000e+00,2.924351875618789228e-03
7.500000000000000000e-01,4.285714285714284921e-01,7.272727272727272929e-01,8.333333333333331483e-01,9.561290322580644485e-01,2.484493452791179113e-01,8.269027794065907377e-01,4.028520499108735331e-01,5.498392282958201038e-01,2.705882352941175739e-01,4.000000000000000222e-01,0.000000000000000000e+00,0.000000000000000000e+00
6.250000000000000000e-01,4.285714285714284921e-01,2.727272727272727071e-01,5.000000000000000000e-01,8.103225806451611613e-01,2.756719503790489023e-02,5.547085727688518680e-02,4.812834224598930288e-02,1.157556270096462975e-01,4.588235294117646856e-01,5.999999999999999778e-01,0.000000000000000000e+00,4.226100986395804442e-03
2.500000000000000000e-01,4.285714285714284921e-01,8.181818181818182323e-01,3.333333333333334259e-01,9.380645161290324108e-01,1.268090971743625062e-01,7.809311598451974534e-01,9.269162210338681429e-02,4.405144694533763006e-01,3.647058823529412130e-01,3.555555555555555136e-01,0.000000000000000000e+00,0.000000000000000000e+00
1.250000000000000000e-01,4.285714285714284921e-01,6.363636363636363535e-01,3.333333333333334259e-01,9.909677419354839811e-01,3.404548587181254748e-01,5.927055236308197417e-01,2.352941176470588480e-01,6.945337620578779791e-01,2.000000000000000111e-01,5.555555555555554692e-01,0.000000000000000000e+00,7.058780389424665000e-04
1.000000000000000000e+00,2.857142857142856429e-01,4.545454545454544748e-01,8.333333333333331483e-01,9.264516129032257519e-01,2.067539627842867322e-01,2.869707986396153876e-01,1.675579322638146296e-01,7.170418006430869795e-01,4.117647058823529771e-01,2.999999999999999889e-01,0.000000000000000000e+00,6.446408272523927729e-02
3.750000000000000000e-01,2.857142857142856429e-01,7.272727272727272929e-01,1.000000000000000000e+00,9.161290322580646350e-01,3.063404548587181364e-01,8.168171689926116974e-01,8.556149732620320358e-02,5.016077170418007380e-01,5.764705882352940680e-01,9.999999999999997780e-02,0.000000000000000000e+00,0.000000000000000000e+00
6.250000000000000000e-01,4.285714285714284921e-01,7.272727272727272929e-01,8.333333333333331483e-01,9.483870967741936386e-01,3.487250172294968920e-01,8.720534771901019555e-01,1.497326203208556583e-01,5.627009646302252310e-01,2.352941176470588480e-01,1.555555555555555303e-01,0.000000000000000000e+00,0.000000000000000000e+00
3.750000000000000000e-01,2.857142857142856429e-01,6.363636363636363535e-01,3.333333333333334259e-01,9.858064516129031452e-01,4.831150930392832943e-01,7.011844728509440960e-01,3.155080213903743713e-01,8.520900321543410927e-01,2.117647058823529382e-01,4.000000000000000222e-01,0.000000000000000000e+00,0.000000000000000000e+00
6.250000000000000000e-01,4.285714285714284921e-01,4.545454545454544748e-01,6.666666666666665186e-01,9.522580645161291546e-01,1.905582356995176030e-01,4.988858918728745206e-01,1.265597147950089374e-01,6.752411575562702328e-01,2.823529411764705843e-01,5.555555555555554692e-01,0.000000000000000000e+00,1.090902423820175283e-03
8.750000000000000000e-01,5.714285714285712858e-01,6.363636363636363535e-01,6.666666666666665186e-01,9.212903225806452490e-01,3.683666436940041256e-01,6.120558226808959779e-01,2.228163992869875432e-01,6.109324758842444858e-01,4.235294117647058765e-01,9.444444444444444198e-01,0.000000000000000000e+00,5.592020827985772023e-04
6.250000000000000000e-01,5.714285714285712858e-01,5.454545454545454142e-01,0.000000000000000000e+00,9.741935483870968193e-01,2.108890420399724408e-01,5.101442476838278228e-01,1.960784313725489891e-01,6.688102893890676137e-01,2.470588235294118029e-01,2.999999999999999889e-01,0.000000000000000000e+00,0.000000000000000000e+00
1.250000000000000000e-01,2.857142857142856429e-01,7.272727272727272929e-01,0.000000000000000000e+00,5.780645161290323131e-01,2.401791867677464110e-01,7.709628239709157560e-01,1.426024955436720060e-02,6.559485530546624865e-01,2.705882352941175739e-01,3.555555555555555136e-01,0.000000000000000000e+00,1.037732389718015735e-02
0.000000000000000000e+00,0.000000000000000000e+00,7.272727272727272929e-01,5.000000000000000000e-01,9.574193548387095465e-01,4.682977257064093179e-01,8.191626597865603321e-01,1.639928698752227687e-01,6.205787781350482479e-01,0.000000000000000000e+00,5.555555555555554553e-02,0.000000000000000000e+00,0.000000000000000000e+00
