3.750000000000000000e-01,1.428571428571428770e-01,1.818181818181817400e-01,0.000000000000000000e+00,8.890322580645160233e-01,1.760854583046175259e-01,1.124662835698369834e-01,8.912655971479500894e-02,2.829581993569132425e-01,3.647058823529412130e-01,5.999999999999999778e-01,0.000000000000000000e+00,3.378130614938946313e-02
3.750000000000000000e-01,2.857142857142856429e-01,6.363636363636363535e-01,1.666666666666666297e-01,9.987096774193547910e-01,6.202618883528600024e-01,7.778820218130643172e-01,2.549019607843137636e-01,5.948553054662379935e-01,6.352941176470587870e-01,5.000000000000001110e-01,6.250000000000000000e-02,0.000000000000000000e+00
6.250000000000000000e-01,5.714285714285712858e-01,6.363636363636363535e-01,0.000000000000000000e+00,1.000000000000000000e+00,6.009648518263265293e-01,7.668582150815057563e-01,2.994652406417113166e-01,6.977491961414792332e-01,3.176470588235294490e-01,2.000000000000000111e-01,0.000000000000000000e+00,0.000000000000000000e+00
1.250000000000000000e-01,2.857142857142856429e-01,1.818181818181817400e-01,1.666666666666666297e-01,9.638709677419355915e-01,4.789800137835975580e-02,2.075759352644540937e-02,2.032085561497326553e-01,4.180064308681671337e-01,4.705882352941177099e-02,7.999999999999999334e-01,0.000000000000000000e+00,0.000000000000000000e+00
3.750000000000000000e-01,1.428571428571428770e-01,7.272727272727272929e-01,1.666666666666666297e-01,9.238709677419354449e-01,2.742935906271536384e-01,8.470740002345491515e-01,1.122994652406417299e-01,5.016077170418007380e-01,5.647058823529411686e-01,5.000000000000001110e-01,0.000000000000000000e+00,0.000000000000000000e+00
2.500000000000000000e-01,2.857142857142856429e-01,7.272727272727272929e-01,1.000000000000000000e+00,9.509677419354841676e-01,4.238456237077876665e-01,7.890231030843203319e-01,1.515151515151515194e-01,6.527331189710612325e-01,3.176470588235294490e-01,5.555555555555554692e-01,0.000000000000000000e+00,0.000000000000000000e+00
3.750000000000000000e-01,2.857142857142856429e-01,7.272727272727272929e-01,6.666666666666665186e-01,9.470967741935486517e-01,3.373535492763611310e-01,8.647824557288612546e-01,1.711229946524064072e-01,5.980707395498392476e-01,2.352941176470588480e-01,5.000000000000001110e-01,0.000000000000000000e+00,1.155073154633126783e-03
0.000000000000000000e+00,1.428571428571428770e-01,6.363636363636363535e-01,6.666666666666665186e-01,9.961290322580648171e-01,5.406616126809096201e-01,7.337867948868300738e-01,2.014260249554367666e-01,8.135048231511254890e-01,1.647058823529411742e-01,4.555555555555554914e-01,0.000000000000000000e+00,3.971251512595798394e-02
8.750000000000000000e-01,5.714285714285712858e-01,4.545454545454544748e-01,1.000000000000000000e+00,9.251612903225807649e-01,3.046175051688490010e-01,3.317696728040342991e-01,1.140819964349376048e-01,4.244372990353698638e-01,3.529411764705882026e-01,2.000000000000000111e-01,0.000000000000000000e+00,0.000000000000000000e+00
2.500000000000000000e-01,2.857142857142856429e-01,6.363636363636363535e-01,5.000000000000000000e-01,9.587096774193547555e-01,2.556857339765679082e-01,5.379383135921191883e-01,1.372549019607843257e-01,5.594855305466239770e-01,2.470588235294118029e-01,2.999999999999999889e-01,0.000000000000000000e+00,0.000000000000000000e+00
6.250000000000000000e-01,1.428571428571428770e-01,7.272727272727272929e-01,8.333333333333331483e-01,9.638709677419355915e-01,4.972432804962095276e-01,8.367538407411752033e-01,1.443850267379679086e-01,9.003215434083602364e-01,1.058823529411764691e-01,2.555555555555554803e-01,0.000000000000000000e+00,0.000000000000000000e+00
3.750000000000000000e-01,2.857142857142856429e-01,7.272727272727272929e-01,1.000000000000000000e+00,9.651612903225808004e-01,5.106822880771881845e-01,8.451976075993902215e-01,1.443850267379679086e-01,6.655948553054662487e-01,2.823529411764705843e-01,5.000000000000001110e-01,0.000000000000000000e+00,4.450698544241135646e-02
8.750000000000000000e-01,4.285714285714284921e-01,6.363636363636363535e-01,3.333333333333334259e-01,9.599999999999999645e-01,5.382494831150930192e-01,7.726046675266801111e-01,2.406417112299465422e-01,7.909967845659163777e-01,1.176470588235294518e-01,2.999999999999999889e-01,0.000000000000000000e+00,6.233728136115288107e-04
8.750000000000000000e-01,5.714285714285712858e-01,6.363636363636363535e-01,5.000000000000000000e-01,9.870967741935485762e-01,4.500344589937972373e-01,6.695203471326376388e-01,1.853832442067736008e-01,5.948553054662379935e-01,3.529411764705882026e-01,2.000000000000000111e-01,0.000000000000000000e+00,2.337648051043232471e-03
1.250000000000000000e-01,2.857142857142856429e-01,6.363636363636363535e-01,1.000000000000000000e+00,9.432258064516130247e-01,5.995864920744313764e-01,8.124780110238066788e-01,2.459893048128342363e-01,6.495176848874596454e-01,4.588235294117646856e-01,7.999999999999999334e-01,0.000000000000000000e+00,2.630999963331011500e-03
6.250000000000000000e-01,4.285714285714284921e-01,7.272727272727272929e-01,0.000000000000000000e+00,9.316129032258065878e-01,4.321157822191591391e-01,7.958250263867713281e-01,1.247771836007129931e-01,6.141479099678456288e-01,3.176470588235294490e-01,2.000000000000000111e-01,0.000000000000000000e+00,0.000000000000000000e+00
7.500000000000000000e-01,2.857142857142856429e-01,8.181818181818182323e-01,0.000000000000000000e+00,9.419354838709680378e-01,1.633356305995865010e-01,8.070833821977249078e-01,1.978609625668449334e-01,4.694533762057879756e-01,3.529411764705882026e-01,4.555555555555554914e-01,0.000000000000000000e+00,6.261229877892266794e-03
0.000000000000000000e+00,2.857142857142856429e-01,6.363636363636363535e-01,6.666666666666665186e-01,9.277419354838708498e-01,9.259131633356304514e-01,9.420663773894689674e-01,9.803921568627449457e-02,6.430868167202572483e-01,3.529411764705882026e-01,3.555555555555555136e-01,0.000000000000000000e+00,0.000000000000000000e+00
8.750000000000000000e-01,5.714285714285712858e-01,7.272727272727272929e-01,0.000000000000000000e+00,9.406451612903226067e-01,3.697450034458993895e-01,8.867127946522810333e-01,1.105169340463457855e-01,6.591639871382637406e-01,2.352941176470588480e-01,2.000000000000000111e-01,0.000000000000000000e+00,6.857100949726816809e-03
1.250000000000000000e-01,0.000000000000000000e+00,6.363636363636363535e-01,0.000000000000000000e+00,9.341935483870965617e-01,3.518263266712612358e-01,7.398850709510963464e-01,1.033868092691622165e-01,6.720257234726688678e-01,1.882352941176470562e-01,2.999999999999999889e-01,0.000000000000000000e+00,0.000000000000000000e+00
0.000000000000000000e+00,0.000000000000000000e+00,6.363636363636363535e-01,3.333333333333334259e-01,9.909677419354839811e-01,3.404548587181254748e-01,5.927055236308197417e-01,2.352941176470588480e-01,6.784565916398714869e-01,1.882352941176470562e-01,4.555555555555554914e-01,0.000000000000000000e+00,5.041985992446188511e-04
8.750000000000000000e-01,5.714285714285712858e-01,6.363636363636363535e-01,1.666666666666666297e-01,9.045161290322579761e-01,5.037904893177119758e-01,7.113873578046207014e-01,1.604278074866309911e-01,3.922829581993569348e-01,6.000000000000000888e-01,5.555555555555554692e-01,0.000000000000000000e+00,4.794470316453375985e-03
6.250000000000000000e-01,4.285714285714284921e-01,7.272727272727272929e-01,8.333333333333331483e-01,9.354838709677422148e-01,3.211578221915920017e-01,8.637269848715845022e-01,1.497326203208556583e-01,4.244372990353698638e-01,4.941176470588233838e-01,5.000000000000001110e-01,0.000000000000000000e+00,3.607311796413772281e-02
5.000000000000000000e-01,2.857142857142856429e-01,7.272727272727272929e-01,6.666666666666665186e-01,9.238709677419354449e-01,9.955203308063406142e-01,9.937844493960360515e-01,1.319073083778966593e-01,4.501607717041801182e-01,5.058823529411764497e-01,3.555555555555555136e-01,0.000000000000000000e+00,0.000000000000000000e+00
3.750000000000000000e-01,5.714285714285712858e-01,1.818181818181817400e-01,0.000000000000000000e+00,8.838709677419356314e-01,7.856650585802894826e-02,6.661193854814120852e-02,7.308377896613191260e-02,3.794212218649518076e-01,2.823529411764705843e-01,2.999999999999999889e-01,0.000000000000000000e+00,0.000000000000000000e+00
8.750000000000000000e-01,5.714285714285712858e-01,5.454545454545454142e-01,1.666666666666666297e-01,9.496774193548388476e-01,3.022053756030324001e-01,5.077987568898791881e-01,1.515151515151515194e-01,4.790996784565916822e-01,6.117647058823528772e-01,3.555555555555555136e-01,0.000000000000000000e+00,6.022881449158447309e-03
7.500000000000000000e-01,2.857142857142856429e-01,5.454545454545454142e-01,0.000000000000000000e+00,9.096774193548388121e-01,3.542384562370778922e-01,4.968922246980180257e-01,1.140819964349376048e-01,6.559485530546624865e-01,4.941176470588233838e-01,5.000000000000001110e-01,0.000000000000000000e+00,2.553353379047339500e-01
3.750000000000000000e-01,2.857142857142856429e-01,1.818181818181817400e-01,0.000000000000000000e+00,8.890322580645160233e-01,1.760854583046175259e-01,1.124662835698369834e-01,8.912655971479500894e-02,2.829581993569132425e-01,3.647058823529412130e-01,5.999999999999999778e-01,0.000000000000000000e+00,0.000000000000000000e+00
2.500000000000000000e-01,2.857142857142856429e-01,6.363636363636363535e-01,1.666666666666666297e-01,9.987096774193547910e-01,6.202618883528600024e-01,7.778820218130643172e-01,2.549019607843137636e-01,9.678456591639872375e-01,1.411764705882352922e-01,2.000000000000000111e-01,0.000000000000000000e+00,1.345751897620182415e-02
6.250000000000000000e-01,4.285714285714284921e-01,7.272727272727272929e-01,5.000000000000000000e-01,9.561290322580644485e-01,4.062715368711233288e-01,9.095813298932802216e-01,1.336898395721924926e-01,4.694533762057879756e-01,1.529411764705882193e-01,4.000000000000000222e-01,0.000000000000000000e+00,9.258919731583000129e-04
6.250000000000000000e-01,1.428571428571428770e-01,7.272727272727272929e-01,0.000000000000000000e+00,9.393548387096776198e-01,4.445210199862164036e-01,9.372581212618740221e-01,1.336898395721924926e-01,5.916398713826367395e-01,2.588235294117647856e-01,1.555555555555555303e-01,0.000000000000000000e+00,0.000000000000000000e+00
6.250000000000000000e-01,1.428571428571428770e-01,7.272727272727272929e-01,0.000000000000000000e+00,9.393548387096776198e-01,4.445210199862164036e-01,9.372581212618740221e-01,1.336898395721924926e-01,3.215434083601286241e-01,6.000000000000000888e-01,5.000000000000001110e-01,0.000000000000000000e+00,5.592020827985772456e-03
6.250000000000000000e-01,4.285714285714284921e-01,6.363636363636363535e-01,6.666666666666665186e-01,5.780645161290323131e-01,2.401791867677464110e-01,7.709628239709157560e-01,1.426024955436720060e-02,4.758842443729903171e-01,6.705882352941175961e-01,7.000000000000000666e-01,0.000000000000000000e+00,0.000000000000000000e+00
6.250000000000000000e-01,4.285714285714284921e-01,2.727272727272727071e-01,5.000000000000000000e-01,8.103225806451611613e-01,2.756719503790489023e-02,5.547085727688518680e-02,4.812834224598930288e-02,1.157556270096462975e-01,4.588235294117646856e-01,5.999999999999999778e-01,0.000000000000000000e+00,1.001980125407942422e-02
6.250000000000000000e-01,1.428571428571428770e-01,1.818181818181817400e-01,8.333333333333331483e-01,9.277419354838708498e-01,1.688490696071675012e-01,1.084789492201243266e-01,1.390374331550801867e-01,4.180064308681671337e-01,1.882352941176470562e-01,9.000000000000000222e-01,0.000000000000000000e+00,1.778445968244655485e-03
7.500000000000000000e-01,2.857142857142856429e-01,1.818181818181817400e-01,0.000000000000000000e+00,9.212903225806452490e-01,1.330117160578911384e-01,9.229506274187872228e-02,1.105169340463457855e-01,4.469453376205789197e-01,1.647058823529411742e-01,2.999999999999999889e-01,0.000000000000000000e+00,1.604268270323787066e-03
5.000000000000000000e-01,2.857142857142856429e-01,7.272727272727272929e-01,6.666666666666665186e-01,9.754838709677420283e-01,2.894555478980013752e-01,8.026269496892224353e-01,2.834224598930481509e-01,5.755627009646302472e-01,3.764705882352941679e-01,5.000000000000001110e-01,0.000000000000000000e+00,1.338418099812988026e-03
5.000000000000000000e-01,2.857142857142856429e-01,1.818181818181817400e-01,0.000000000000000000e+00,9.212903225806452490e-01,1.330117160578911384e-01,9.229506274187872228e-02,1.105169340463457855e-01,3.536977491961414977e-01,2.941176470588235392e-01,5.555555555555554692e-01,0.000000000000000000e+00,8.708884896043415534e-04
3.750000000000000000e-01,4.285714285714284921e-01,7.272727272727272929e-01,3.333333333333334259e-01,9.574193548387095465e-01,4.555478980013784041e-01,8.111879910871350186e-01,1.639928698752227687e-01,5.530546623794212469e-01,4.705882352941177099e-02,9.999999999999997780e-02,0.000000000000000000e+00,2.907850830552601712e-02
6.250000000000000000e-01,4.285714285714284921e-01,7.272727272727272929e-01,5.000000000000000000e-01,8.954838709677419573e-01,1.798759476223293907e-01,8.432039404245338376e-01,9.625668449197860577e-02,3.697749196141478789e-01,4.823529411764704844e-01,1.555555555555555303e-01,0.000000000000000000e+00,4.051923288474935589e-03
1.250000000000000000e-01,0.000000000000000000e+00,7.272727272727272929e-01,6.666666666666665186e-01,9.509677419354841676e-01,4.024810475534114640e-01,7.741292365427465683e-01,2.174688057040998490e-01,5.594855305466239770e-01,2.117647058823529382e-01,6.555555555555555580e-01,0.000000000000000000e+00,0.000000000000000000e+00
8.750000000000000000e-01,5.714285714285712858e-01,7.272727272727272929e-01,0.000000000000000000e+00,9.445161290322580117e-01,3.811164713990352060e-01,8.941010906532191882e-01,1.158645276292334936e-01,4.340836012861736815e-01,4.235294117647058765e-01,2.000000000000000111e-01,0.000000000000000000e+00,0.000000000000000000e+00
1.250000000000000000e-01,0.000000000000000000e+00,6.363636363636363535e-01,1.666666666666666297e-01,9.819354838709676292e-01,3.694004135079256290e-01,7.496188577459833580e-01,3.030303030303030387e-01,7.202572347266881225e-01,8.235294117647057321e-02,4.555555555555554914e-01,0.000000000000000000e+00,7.984672362582963603e-03
6.250000000000000000e-01,1.428571428571428770e-01,7.272727272727272929e-01,1.000000000000000000e+00,9.419354838709680378e-01,2.567195037904893007e-01,8.331183300105545753e-01,1.390374331550801867e-01,4.983922829581993730e-01,2.823529411764705843e-01,3.555555555555555136e-01,0.000000000000000000e+00,0.000000000000000000e+00
6.250000000000000000e-01,4.285714285714284921e-01,6.363636363636363535e-01,6.666666666666665186e-01,9.329032258064513528e-01,5.713301171605789097e-01,8.733434971267738378e-01,1.265597147950089374e-01,5.144694533762057542e-01,5.529411764705881582e-01,5.555555555555554692e-01,0.000000000000000000e+00,3.941916321367019862e-04
1.250000000000000000e-01,2.857142857142856429e-01,7.272727272727272929e-01,3.333333333333334259e-01,8.929032258064516503e-01,2.884217780840799272e-01,8.410929987099802219e-01,6.595365418894832965e-02,6.302250803858522321e-01,2.235294117647059209e-01,2.000000000000000111e-01,0.000000000000000000e+00,5.537017344431813780e-03
7.500000000000000000e-01,4.285714285714284921e-01,7.272727272727272929e-01,8.333333333333331483e-01,9.522580645161291546e-01,2.994486560992419277e-01,8.100152456901605902e-01,1.265597147950089374e-01,5.016077170418007380e-01,4.235294117647058765e-01,7.555555555555556468e-01,0.000000000000000000e+00,0.000000000000000000e+00
1.250000000000000000e-01,4.285714285714284921e-01,7.272727272727272929e-01,0.000000000000000000e+00,9.406451612903226067e-01,3.697450034458993895e-01,8.867127946522810333e-01,1.105169340463457855e-01,5.498392282958201038e-01,3.411764705882352477e-01,2.000000000000000111e-01,0.000000000000000000e+00,3.602728172784276390e-03
2.500000000000000000e-01,2.857142857142856429e-01,1.818181818181817400e-01,1.666666666666666297e-01,8.954838709677419573e-01,8.476912474155755273e-02,7.001290019936670661e-02,6.773618538324420457e-02,4.372990353697750465e-01,1.411764705882352922e-01,7.999999999999999334e-01,0.000000000000000000e+00,0.000000000000000000e+00
0.000000000000000000e+00,2.857142857142856429e-01,6.363636363636363535e-01,3.333333333333334259e-01,9.419354838709680378e-01,6.557546519641626048e-01,7.364841092998708483e-01,1.390374331550801867e-01,5.691318327974277391e-01,4.117647058823529771e-01,4.000000000000000222e-01,0.000000000000000000e+00,7.585897106816767710e-02
2.500000000000000000e-01,2.857142857142856429e-01,6.363636363636363535e-01,1.000000000000000000e+00,9.380645161290324108e-01,4.869055823569952146e-01,6.960243931042572330e-01,1.889483065953654062e-01,3.022508038585208778e-01,8.470588235294116419e-01,4.555555555555554914e-01,0.000000000000000000e+00,0.000000000000000000e+00
6.250000000000000000e-01,4.285714285714284921e-01,6.363636363636363535e-01,3.333333333333334259e-01,9.599999999999999645e-01,5.382494831150930192e-01,7.726046675266801111e-01,2.406417112299465422e-01,6.398713826366559942e-01,2.588235294117647856e-01,3.555555555555555136e-01,0.000000000000000000e+00,1.925121924388544458e-04
6.250000000000000000e-01,4.285714285714284921e-01,3.636363636363636465e-01,8.333333333333331483e-01,8.567741935483871307e-01,9.269469331495522324e-02,1.241937375395801568e-01,6.238859180035649654e-02,2.926045016077171157e-01,9.294117647058823817e-01,5.000000000000001110e-01,0.000000000000000000e+00,0.000000000000000000e+00
1.250000000000000000e-01,4.285714285714284921e-01,6.363636363636363535e-01,5.000000000000000000e-01,9.870967741935485762e-01,4.500344589937972373e-01,6.695203471326376388e-01,1.853832442067736008e-01,7.073954983922829953e-01,1.529411764705882193e-01,2.555555555555554803e-01,0.000000000000000000e+00,7.957170620805984265e-03
3.750000000000000000e-01,2.857142857142856429e-01,1.818181818181817400e-01,1.666666666666666297e-01,8.954838709677419573e-01,8.476912474155755273e-02,7.001290019936670661e-02,6.773618538324420457e-02,3.826366559485531171e-01,3.294117647058823484e-01,2.555555555555554803e-01,0.000000000000000000e+00,0.000000000000000000e+00
7.500000000000000000e-01,2.857142857142856429e-01,7.272727272727272929e-01,1.000000000000000000e+00,9.509677419354841676e-01,3.607856650585801739e-01,8.797935968101324722e-01,1.764705882352941013e-01,7.427652733118973449e-01,1.411764705882352922e-01,2.555555555555554803e-01,0.000000000000000000e+00,0.000000000000000000e+00
1.250000000000000000e-01,2.857142857142856429e-01,0.000000000000000000e+00,8.333333333333331483e-01,8.180645161290323042e-01,8.959338387319090713e-03,1.641843555764044629e-03,5.169340463458111518e-02,9.967845659163987460e-02,7.411764705882354365e-01,2.999999999999999889e-01,0.000000000000000000e+00,0.000000000000000000e+00
3.750000000000000000e-01,4.285714285714284921e-01,7.272727272727272929e-01,5.000000000000000000e-01,9.509677419354841676e-01,3.277050310130944499e-01,8.578632578867128045e-01,1.532976827094474082e-01,5.273311897106108814e-01,1.058823529411764691e-01,5.999999999999999778e-01,0.000000000000000000e+00,0.000000000000000000e+00
7.500000000000000000e-01,2.857142857142856429e-01,1.818181818181817400e-01,1.000000000000000000e+00,9.290322580645159478e-01,1.478290833907650037e-01,9.909698604432977398e-02,9.803921568627449457e-02,2.990353697749196793e-01,5.294117647058822484e-01,4.000000000000000222e-01,0.000000000000000000e+00,7.553811741410290485e-03
2.500000000000000000e-01,5.714285714285712858e-01,7.272727272727272929e-01,1.000000000000000000e+00,9.509677419354841676e-01,4.238456237077876665e-01,7.890231030843203319e-01,1.515151515151515194e-01,4.823151125401928807e-01,5.058823529411764497e-01,9.999999999999997780e-02,0.000000000000000000e+00,0.000000000000000000e+00
1.000000000000000000e+00,4.285714285714284921e-01,4.545454545454544748e-01,3.333333333333334259e-01,9.625806451612903825e-01,1.667815299793246053e-01,3.398616160431570665e-01,2.495543672014259862e-01,8.295819935691317593e-01,2.235294117647059209e-01,4.555555555555554914e-01,0.000000000000000000e+00,7.480473763338345294e-03
7.500000000000000000e-01,2.857142857142856429e-01,7.272727272727272929e-01,3.333333333333334259e-01,9.161290322580646350e-01,9.779462439696759990e-01,9.805324264102264209e-01,1.800356506238859067e-01,2.668810289389068058e-01,7.294117647058824261e-01,4.000000000000000222e-01,0.000000000000000000e+00,0.000000000000000000e+00
2.500000000000000000e-01,2.857142857142856429e-01,8.181818181818182323e-01,1.000000000000000000e+00,9.535483870967742526e-01,1.564438318401102646e-01,8.020405769907351656e-01,1.568627450980392135e-01,5.916398713826367395e-01,1.058823529411764691e-01,5.555555555555554692e-01,0.000000000000000000e+00,0.000000000000000000e+00
3.750000000000000000e-01,4.285714285714284921e-01,1.818181818181817400e-01,6.666666666666665186e-01,9.354838709677422148e-01,1.626464507236388413e-01,1.054298111879910793e-01,2.228163992869875432e-01,4.372990353697750465e-01,1.411764705882352922e-01,7.999999999999999334e-01,0.000000000000000000e+00,0.000000000000000000e+00
5.000000000000000000e-01,2.857142857142856429e-01,6.363636363636363535e-01,1.000000000000000000e+00,9.664516129032257874e-01,8.063404548587180809e-01,8.387475079160313651e-01,1.800356506238859067e-01,7.041800643086817413e-01,4.117647058823529771e-01,4.000000000000000222e-01,0.000000000000000000e+00,0.000000000000000000e+00
8.750000000000000000e-01,5.714285714285712858e-01,6.363636363636363535e-01,1.000000000000000000e+00,9.380645161290324108e-01,4.869055823569952146e-01,6.960243931042572330e-01,1.889483065953654062e-01,5.144694533762057542e-01,3.294117647058823484e-01,5.000000000000001110e-01,0.000000000000000000e+00,0.000000000000000000e+00
7.500000000000000000e-01,2.857142857142856429e-01,5.454545454545454142e-01,8.333333333333331483e-01,9.406451612903226067e-01,3.552722260509992847e-01,5.476721003870060889e-01,1.604278074866309911e-01,6.398713826366559942e-01,4.000000000000000222e-01,2.555555555555554803e-01,0.000000000000000000e+00,0.000000000000000000e+00
1.250000000000000000e-01,4.285714285714284921e-01,6.363636363636363535e-01,1.000000000000000000e+00,9.832258064516129492e-01,4.452101998621640910e-01,6.792541339275244283e-01,2.513368983957218750e-01,9.935691318327976029e-01,1.176470588235294518e-01,4.000000000000000222e-01,0.000000000000000000e+00,2.422903450551868593e-02
8.750000000000000000e-01,5.714285714285712858e-01,1.818181818181817400e-01,6.666666666666665186e-01,9.419354838709680378e-01,1.109579600275672068e-01,8.162307962941246775e-02,1.604278074866309911e-01,1.961414790996784674e-01,9.647058823529407467e-01,4.000000000000000222e-01,3.125000000000000000e-02,0.000000000000000000e+00
8.750000000000000000e-01,5.714285714285712858e-01,6.363636363636363535e-01,1.666666666666666297e-01,9.470967741935486517e-01,5.220537560303238900e-01,7.626363316523983027e-01,2.549019607843137636e-01,5.755627009646302472e-01,5.058823529411764497e-01,4.555555555555554914e-01,0.000000000000000000e+00,8.498038209086573869e-03
6.250000000000000000e-01,4.285714285714284921e-01,2.727272727272727071e-01,0.000000000000000000e+00,8.929032258064516503e-01,8.201240523776705260e-02,3.952151987803448341e-02,6.595365418894832965e-02,2.797427652733119330e-01,5.764705882352940680e-01,2.999999999999999889e-01,0.000000000000000000e+00,3.071027831762678309e-03
3.750000000000000000e-01,1.428571428571428770e-01,7.272727272727272929e-01,0.000000000000000000e+00,9.406451612903226067e-01,3.697450034458993895e-01,8.867127946522810333e-01,1.105169340463457855e-01,2.443729903536978054e-01,8.352941176470587425e-01,1.555555555555555303e-01,0.000000000000000000e+00,0.000000000000000000e+00
1.250000000000000000e-01,2.857142857142856429e-01,6.363636363636363535e-01,1.000000000000000000e+00,8.116129032258061482e-01,1.915920055134390509e-01,7.713146475900082288e-01,3.386809269162210229e-02,6.334405144694535972e-01,6.588235294117646967e-01,5.999999999999999778e-01,0.000000000000000000e+00,4.976898536907337772e-02
7.500000000000000000e-01,2.857142857142856429e-01,6.363636363636363535e-01,8.333333333333331483e-01,9.432258064516130247e-01,5.851137146795313271e-01,8.026269496892224353e-01,2.442067736185382920e-01,6.913183279742765031e-01,2.941176470588235392e-01,1.555555555555555303e-01,0.000000000000000000e+00,1.265080121741043485e-03
1.250000000000000000e-01,2.857142857142856429e-01,7.272727272727272929e-01,1.000000000000000000e+00,9.509677419354841676e-01,3.607856650585801739e-01,8.797935968101324722e-01,1.764705882352941013e-01,7.299035369774919957e-01,1.411764705882352922e-01,2.000000000000000111e-01,0.000000000000000000e+00,0.000000000000000000e+00
1.250000000000000000e-01,0.000000000000000000e+00,7.272727272727272929e-01,6.666666666666665186e-01,9.509677419354841676e-01,4.024810475534114640e-01,7.741292365427465683e-01,2.174688057040998490e-01,6.688102893890676137e-01,2.588235294117647856e-01,4.555555555555554914e-01,0.000000000000000000e+00,0.000000000000000000e+00
0.000000000000000000e+00,2.857142857142856429e-01,7.272727272727272929e-01,5.000000000000000000e-01,9.561290322580644485e-01,4.062715368711233288e-01,9.095813298932802216e-01,1.336898395721924926e-01,4.694533762057879756e-01,1.529411764705882193e-01,4.000000000000000222e-01,0.000000000000000000e+00,6.609585273734004500e-03
1.250000000000000000e-01,4.285714285714284921e-01,6.363636363636363535e-01,1.000000000000000000e+00,9.225806451612903469e-01,3.394210889042040269e-01,7.309722059340918454e-01,1.122994652406417299e-01,5.466237942122188498e-01,3.411764705882352477e-01,2.555555555555554803e-01,0.000000000000000000e+00,4.299438964467749633e-03
6.250000000000000000e-01,4.285714285714284921e-01,1.818181818181817400e-01,5.000000000000000000e-01,9.316129032258065878e-01,6.133700895933838493e-02,2.662132051131698915e-02,1.426024955436720199e-01,2.090032154340835668e-01,4.235294117647058765e-01,5.999999999999999778e-01,0.000000000000000000e+00,0.000000000000000000e+00
7.500000000000000000e-01,2.857142857142856429e-01,7.272727272727272929e-01,6.666666666666665186e-01,9.509677419354841676e-01,4.024810475534114640e-01,7.741292365427465683e-01,2.174688057040998490e-01,5.401929260450162307e-01,2.235294117647059209e-01,5.999999999999999778e-01,0.000000000000000000e+00,0.000000000000000000e+00
3.750000000000000000e-01,1.428571428571428770e-01,6.363636363636363535e-01,1.000000000000000000e+00,8.116129032258061482e-01,1.915920055134390509e-01,7.713146475900082288e-01,3.386809269162210229e-02,8.231511254019294732e-01,2.000000000000000111e-01,2.555555555555554803e-01,0.000000000000000000e+00,5.903707234791537133e-03
3.750000000000000000e-01,2.857142857142856429e-01,7.272727272727272929e-01,5.000000000000000000e-01,9.574193548387095465e-01,4.682977257064093179e-01,8.191626597865603321e-01,1.639928698752227687e-01,5.980707395498392476e-01,2.352941176470590284e-02,9.999999999999997780e-02,0.000000000000000000e+00,0.000000000000000000e+00
0.000000000000000000e+00,0.000000000000000000e+00,7.272727272727272929e-01,5.000000000000000000e-01,9.574193548387095465e-01,4.682977257064093179e-01,8.191626597865603321e-01,1.639928698752227687e-01,7.459807073954984880e-01,1.411764705882352922e-01,2.000000000000000111e-01,0.000000000000000000e+00,0.000000000000000000e+00
6.250000000000000000e-01,4.285714285714284921e-01,6.363636363636363535e-01,1.666666666666666297e-01,9.987096774193547910e-01,6.202618883528600024e-01,7.778820218130643172e-01,2.549019607843137636e-01,1.000000000000000000e+00,1.294117647058823928e-01,2.555555555555554803e-01,0.000000000000000000e+00,3.716402038795790785e-02
7.500000000000000000e-01,4.285714285714284921e-01,7.272727272727272929e-01,8.333333333333331483e-01,9.522580645161291546e-01,2.994486560992419277e-01,8.100152456901605902e-01,1.265597147950089374e-01,6.623794212218649946e-01,2.941176470588235392e-01,4.000000000000000222e-01,0.000000000000000000e+00,0.000000000000000000e+00
3.750000000000000000e-01,2.857142857142856429e-01,7.272727272727272929e-01,3.333333333333334259e-01,9.212903225806452490e-01,2.818745692625775345e-01,8.535240999179080079e-01,1.105169340463457855e-01,3.440514469453376245e-01,6.941176470588236169e-01,5.000000000000001110e-01,0.000000000000000000e+00,0.000000000000000000e+00
1.250000000000000000e-01,0.000000000000000000e+00,9.090909090909091161e-02,8.333333333333331483e-01,7.845161290322583136e-01,8.614748449345278197e-03,8.678315937609945227e-03,3.208556149732620655e-02,7.717041800643086036e-02,5.176470588235293491e-01,5.555555555555554553e-02,0.000000000000000000e+00,6.270397125151260485e-03
1.250000000000000000e-01,0.000000000000000000e+00,6.363636363636363535e-01,3.333333333333334259e-01,9.470967741935486517e-01,3.793935217091661261e-01,7.578280755248035794e-01,1.711229946524064072e-01,5.209003215434084844e-01,3.529411764705882026e-01,3.555555555555555136e-01,0.000000000000000000e+00,1.494261303215870364e-03
2.500000000000000000e-01,2.857142857142856429e-01,1.818181818181817400e-01,3.333333333333334259e-01,9.638709677419355915e-01,5.582356995175740549e-02,2.392400609827606550e-02,1.764705882352941013e-01,2.154340836012861582e-01,2.352941176470588480e-01,8.444444444444444420e-01,0.000000000000000000e+00,0.000000000000000000e+00
2.500000000000000000e-01,2.857142857142856429e-01,6.363636363636363535e-01,3.333333333333334259e-01,9.599999999999999645e-01,5.382494831150930192e-01,7.726046675266801111e-01,2.406417112299465422e-01,6.270096463022509781e-01,2.941176470588235392e-01,0.000000000000000000e+00,0.000000000000000000e+00,2.264310072971288147e-03
7.500000000000000000e-01,2.857142857142856429e-01,4.545454545454544748e-01,1.000000000000000000e+00,9.754838709677420283e-01,3.280496209510682104e-01,2.252843907587662453e-01,1.000000000000000000e+00,6.045016077170419777e-01,3.411764705882352477e-01,4.555555555555554914e-01,0.000000000000000000e+00,0.000000000000000000e+00
7.500000000000000000e-01,2.857142857142856429e-01,8.181818181818182323e-01,8.333333333333331483e-01,9.277419354838708498e-01,1.467953135768435835e-01,7.962941245455611439e-01,1.194295900178252989e-01,3.987138263665596094e-01,2.117647058823529382e-01,9.999999999999997780e-02,0.000000000000000000e+00,0.000000000000000000e+00
3.750000000000000000e-01,5.714285714285712858e-01,7.272727272727272929e-01,5.000000000000000000e-01,9.677419354838707743e-01,2.749827705031013259e-01,7.943004573707047600e-01,3.190730837789660934e-01,4.951768488745981744e-01,3.176470588235294490e-01,2.999999999999999889e-01,0.000000000000000000e+00,0.000000000000000000e+00
3.750000000000000000e-01,4.285714285714284921e-01,5.454545454545454142e-01,6.666666666666665186e-01,9.406451612903226067e-01,3.414886285320468673e-01,5.375864899730269375e-01,1.122994652406417299e-01,6.655948553054662487e-01,2.941176470588235392e-01,9.999999999999997780e-02,0.000000000000000000e+00,2.420153276374170485e-03
3.750000000000000000e-01,2.857142857142856429e-01,6.363636363636363535e-01,1.666666666666666297e-01,9.677419354838707743e-01,3.483804272915231315e-01,6.360971033188694834e-01,2.602495543672014300e-01,6.398713826366559942e-01,4.588235294117646856e-01,7.999999999999999334e-01,0.000000000000000000e+00,7.242125334604524725e-04
1.250000000000000000e-01,0.000000000000000000e+00,9.090909090909091161e-02,0.000000000000000000e+00,8.425806451612904979e-01,2.825637491385251873e-02,3.060865486102967367e-02,3.743315508021391458e-02,3.762057877813505535e-01,2.941176470588235392e-01,5.555555555555554692e-01,0.000000000000000000e+00,0.000000000000000000e+00
3.750000000000000000e-01,5.714285714285712858e-01,1.000000000000000000e+00,5.000000000000000000e-01,8.503225806451611968e-01,8.718125430737422299e-02,4.035416910988624539e-01,3.565062388591800496e-02,9.324758842443731099e-02,5.411764705882353699e-01,5.000000000000001110e-01,0.000000000000000000e+00,4.931979025338271809e-03
5.000000000000000000e-01,2.857142857142856429e-01,7.272727272727272929e-01,8.333333333333331483e-01,9.483870967741936386e-01,3.487250172294968920e-01,8.720534771901019555e-01,1.497326203208556583e-01,7.041800643086817413e-01,1.411764705882352922e-01,2.999999999999999889e-01,0.000000000000000000e+00,0.000000000000000000e+00
7.500000000000000000e-01,4.285714285714284921e-01,8.181818181818182323e-01,0.000000000000000000e+00,9.419354838709680378e-01,1.633356305995865010e-01,8.070833821977249078e-01,1.978609625668449334e-01,4.469453376205789197e-01,3.411764705882352477e-01,4.000000000000000222e-01,0.000000000000000000e+00,4.525869971764878014e-02
3.750000000000000000e-01,2.857142857142856429e-01,7.272727272727272929e-01,6.666666666666665186e-01,9.470967741935486517e-01,3.373535492763611310e-01,8.647824557288612546e-01,1.711229946524064072e-01,5.980707395498392476e-01,2.352941176470588480e-01,5.000000000000001110e-01,0.000000000000000000e+00,1.197242492024495203e-02
6.250000000000000000e-01,4.285714285714284921e-01,7.272727272727272929e-01,6.666666666666665186e-01,9.625806451612903825e-01,4.827705031013094228e-01,8.279582502638676011e-01,2.477718360071300974e-01,6.655948553054662487e-01,3.411764705882352477e-01,5.555555555555554692e-01,0.000000000000000000e+00,0.000000000000000000e+00
6.250000000000000000e-01,2.857142857142856429e-01,1.818181818181817400e-01,3.333333333333334259e-01,9.096774193548388121e-01,9.235010337698139338e-02,7.376568546968453877e-02,1.122994652406417299e-01,4.405144694533763006e-01,2.352941176470588480e-01,4.000000000000000222e-01,0.000000000000000000e+00,0.000000000000000000e+00
6.250000000000000000e-01,4.285714285714284921e-01,7.272727272727272929e-01,8.333333333333331483e-01,9.483870967741936386e-01,3.487250172294968920e-01,8.720534771901019555e-01,1.497326203208556583e-01,6.109324758842444858e-01,2.000000000000000111e-01,2.000000000000000111e-01,0.000000000000000000e+00,0.000000000000000000e+00
