3.750000000000000000e-01,2.857142857142856429e-01,6.363636363636363535e-01,1.666666666666666297e-01,9.858064516129031452e-01,4.831150930392832943e-01,7.011844728509440960e-01,3.155080213903743713e-01,5.530546623794212469e-01,6.588235294117646967e-01,7.999999999999999334e-01,0.000000000000000000e+00,4.281104469949763985e-02
7.500000000000000000e-01,2.857142857142856429e-01,6.363636363636363535e-01,1.000000000000000000e+00,9.432258064516130247e-01,5.995864920744313764e-01,8.124780110238066788e-01,2.459893048128342363e-01,6.334405144694535972e-01,6.823529411764704955e-01,7.999999999999999334e-01,1.562500000000000000e-01,0.000000000000000000e+00
7.500000000000000000e-01,2.857142857142856429e-01,5.454545454545454142e-01,1.000000000000000000e+00,9.677419354838707743e-01,3.452791178497587876e-01,4.872757124428286901e-01,2.620320855614973188e-01,5.144694533762057542e-01,7.882352941176471450e-01,4.555555555555554914e-01,0.000000000000000000e+00,2.025961644237467794e-03
2.500000000000000000e-01,4.285714285714284921e-01,7.272727272727272929e-01,6.666666666666665186e-01,9.651612903225808004e-01,5.106822880771881845e-01,8.451976075993902215e-01,1.443850267379679086e-01,4.823151125401928807e-01,3.294117647058823484e-01,2.999999999999999889e-01,0.000000000000000000e+00,0.000000000000000000e+00
6.250000000000000000e-01,4.285714285714284921e-01,6.363636363636363535e-01,1.000000000000000000e+00,9.458064516129032206e-01,6.964162646450724470e-01,7.700246276533363465e-01,1.443850267379679086e-01,5.434083601286175957e-01,6.470588235294116863e-01,2.000000000000000111e-01,0.000000000000000000e+00,0.000000000000000000e+00
6.250000000000000000e-01,2.857142857142856429e-01,2.727272727272727071e-01,8.333333333333331483e-01,8.722580645161289725e-01,9.062715368711234121e-02,1.046088894101090544e-01,9.090909090909091161e-02,2.282958199356913409e-01,3.411764705882352477e-01,4.555555555555554914e-01,0.000000000000000000e+00,0.000000000000000000e+00
7.500000000000000000e-01,2.857142857142856429e-01,6.363636363636363535e-01,8.333333333333331483e-01,9.225806451612903469e-01,3.783597518952447336e-01,6.209686876979008119e-01,1.105169340463457855e-01,5.562700964630225009e-01,3.294117647058823484e-01,5.999999999999999778e-01,0.000000000000000000e+00,0.000000000000000000e+00
0.000000000000000000e+00,4.285714285714284921e-01,7.272727272727272929e-01,1.666666666666666297e-01,9.329032258064513528e-01,4.424534803583736742e-01,8.029787733083149082e-01,1.247771836007129931e-01,6.237942122186497240e-01,2.117647058823529382e-01,2.000000000000000111e-01,0.000000000000000000e+00,1.056983608961900752e-02
8.750000000000000000e-01,5.714285714285712858e-01,7.272727272727272929e-01,5.000000000000000000e-01,9.677419354838707743e-01,2.749827705031013259e-01,7.943004573707047600e-01,3.190730837789660934e-01,6.913183279742765031e-01,1.176470588235294518e-01,4.555555555555554914e-01,0.000000000000000000e+00,1.026731693007224000e-03
7.500000000000000000e-01,2.857142857142856429e-01,7.272727272727272929e-01,8.333333333333331483e-01,9.354838709677422148e-01,4.248793935217092255e-01,9.234197255775772328e-01,1.515151515151515194e-01,6.205787781350482479e-01,1.529411764705882193e-01,4.555555555555554914e-01,0.000000000000000000e+00,1.433757471306515950e-02
3.750000000000000000e-01,2.857142857142856429e-01,2.727272727272727071e-01,6.666666666666665186e-01,8.296774193548388521e-01,7.649896623018609398e-02,9.077049372581212638e-02,4.099821746880569218e-02,4.662379421221866105e-01,5.882352941176472588e-02,2.999999999999999889e-01,0.000000000000000000e+00,0.000000000000000000e+00
1.000000000000000000e+00,1.000000000000000000e+00,5.454545454545454142e-01,1.666666666666666297e-01,8.658064516129030386e-01,1.626464507236388413e-01,3.582737187756537267e-01,6.951871657754009337e-02,5.080385852090032461e-01,3.176470588235294490e-01,2.555555555555554803e-01,0.000000000000000000e+00,3.300209013237504320e-04
7.500000000000000000e-01,1.428571428571428770e-01,8.181818181818182323e-01,8.333333333333331483e-01,9.277419354838708498e-01,1.467953135768435835e-01,7.962941245455611439e-01,1.194295900178252989e-01,5.016077170418007380e-01,1.411764705882352922e-01,4.000000000000000222e-01,0.000000000000000000e+00,0.000000000000000000e+00
8.750000000000000000e-01,5.714285714285712858e-01,6.363636363636363535e-01,5.000000000000000000e-01,9.819354838709676292e-01,7.625775327360442279e-01,8.100152456901605902e-01,2.477718360071300974e-01,6.977491961414792332e-01,2.705882352941175739e-01,7.000000000000000666e-01,0.000000000000000000e+00,0.000000000000000000e+00
6.250000000000000000e-01,4.285714285714284921e-01,7.272727272727272929e-01,6.666666666666665186e-01,9.509677419354841676e-01,4.024810475534114640e-01,7.741292365427465683e-01,2.174688057040998490e-01,5.594855305466239770e-01,2.117647058823529382e-01,6.555555555555555580e-01,0.000000000000000000e+00,1.762861647904367599e-02
7.500000000000000000e-01,2.857142857142856429e-01,6.363636363636363535e-01,1.000000000000000000e+00,9.380645161290324108e-01,4.869055823569952146e-01,6.960243931042572330e-01,1.889483065953654062e-01,4.533762057877813723e-01,5.294117647058822484e-01,5.555555555555554692e-01,0.000000000000000000e+00,0.000000000000000000e+00
2.500000000000000000e-01,4.285714285714284921e-01,1.818181818181817400e-01,1.666666666666666297e-01,8.954838709677419573e-01,8.476912474155755273e-02,7.001290019936670661e-02,6.773618538324420457e-02,4.083601286173633715e-01,2.705882352941175739e-01,2.555555555555554803e-01,0.000000000000000000e+00,0.000000000000000000e+00
7.500000000000000000e-01,2.857142857142856429e-01,6.363636363636363535e-01,8.333333333333331483e-01,9.406451612903226067e-01,9.396967608545829798e-01,9.513310660255660522e-01,1.372549019607843257e-01,4.276527331189711734e-01,6.705882352941175961e-01,8.444444444444444420e-01,0.000000000000000000e+00,1.778445968244655485e-03
2.500000000000000000e-01,2.857142857142856429e-01,1.818181818181817400e-01,8.333333333333331483e-01,6.490322580645162542e-01,4.479669193659544489e-03,8.912865017004808002e-03,1.247771836007129792e-02,4.887459807073956108e-01,1.058823529411764691e-01,5.555555555555554692e-01,0.000000000000000000e+00,0.000000000000000000e+00
0.000000000000000000e+00,0.000000000000000000e+00,7.272727272727272929e-01,1.000000000000000000e+00,9.651612903225808004e-01,5.106822880771881845e-01,8.451976075993902215e-01,1.443850267379679086e-01,7.427652733118973449e-01,2.470588235294118029e-01,3.555555555555555136e-01,0.000000000000000000e+00,0.000000000000000000e+00
1.250000000000000000e-01,4.285714285714284921e-01,8.181818181818182323e-01,1.000000000000000000e+00,9.535483870967742526e-01,1.564438318401102646e-01,8.020405769907351656e-01,1.568627450980392135e-01,4.244372990353698638e-01,2.352941176470588480e-01,5.555555555555554553e-02,0.000000000000000000e+00,0.000000000000000000e+00
7.500000000000000000e-01,2.857142857142856429e-01,8.181818181818182323e-01,1.666666666666666297e-01,9.277419354838708498e-01,1.181943487250172453e-01,7.754192564794182285e-01,1.194295900178252989e-01,5.080385852090032461e-01,2.117647058823529382e-01,5.555555555555554553e-02,0.000000000000000000e+00,0.000000000000000000e+00
8.750000000000000000e-01,5.714285714285712858e-01,6.363636363636363535e-01,8.333333333333331483e-01,9.677419354838707743e-01,7.925568573397655525e-01,8.293655447402369374e-01,1.497326203208556583e-01,5.369774919614147546e-01,5.764705882352940680e-01,5.000000000000001110e-01,0.000000000000000000e+00,3.043526089985698537e-03
0.000000000000000000e+00,0.000000000000000000e+00,6.363636363636363535e-01,1.666666666666666297e-01,9.329032258064513528e-01,4.138525155065472250e-01,6.493491263046793360e-01,1.247771836007129931e-01,6.237942122186497240e-01,4.705882352941177099e-02,7.000000000000000666e-01,0.000000000000000000e+00,0.000000000000000000e+00
6.250000000000000000e-01,1.428571428571428770e-01,7.272727272727272929e-01,1.000000000000000000e+00,9.651612903225808004e-01,5.106822880771881845e-01,8.451976075993902215e-01,1.443850267379679086e-01,6.623794212218649946e-01,2.823529411764705843e-01,3.555555555555555136e-01,0.000000000000000000e+00,0.000000000000000000e+00
1.250000000000000000e-01,2.857142857142856429e-01,6.363636363636363535e-01,0.000000000000000000e+00,9.470967741935486517e-01,7.095106822880771213e-01,7.795238653688284503e-01,1.461675579322637974e-01,8.263665594855308383e-01,2.117647058823529382e-01,2.000000000000000111e-01,0.000000000000000000e+00,2.154303105863372095e-03
3.750000000000000000e-01,5.714285714285712858e-01,1.000000000000000000e+00,6.666666666666665186e-01,8.516129032258066278e-01,8.821502412129564319e-02,4.042453383370471220e-01,7.308377896613191260e-02,0.000000000000000000e+00,5.176470588235293491e-01,5.000000000000001110e-01,0.000000000000000000e+00,8.498038209086573869e-03
6.250000000000000000e-01,1.428571428571428770e-01,6.363636363636363535e-01,6.666666666666665186e-01,9.341935483870965617e-01,4.824259131633356068e-01,7.285094406004456458e-01,1.265597147950089374e-01,5.498392282958201038e-01,2.823529411764705843e-01,3.555555555555555136e-01,0.000000000000000000e+00,1.430090572402918647e-03
6.250000000000000000e-01,4.285714285714284921e-01,1.818181818181817400e-01,0.000000000000000000e+00,8.838709677419356314e-01,4.824259131633357178e-02,3.400961651225518911e-02,1.265597147950089374e-01,2.572347266881028771e-01,3.529411764705882026e-01,5.999999999999999778e-01,0.000000000000000000e+00,2.915184628359796404e-03
6.250000000000000000e-01,2.857142857142856429e-01,6.363636363636363535e-01,6.666666666666665186e-01,9.819354838709676292e-01,7.784286698828393192e-01,8.195144834056526939e-01,2.139037433155080159e-01,6.784565916398714869e-01,2.235294117647059209e-01,2.999999999999999889e-01,0.000000000000000000e+00,2.634666862234608109e-02
2.500000000000000000e-01,5.714285714285712858e-01,4.545454545454544748e-01,6.666666666666665186e-01,9.341935483870965617e-01,3.204686423156444253e-01,2.629295180016418820e-01,1.265597147950089374e-01,5.466237942122188498e-01,2.705882352941175739e-01,4.555555555555554914e-01,0.000000000000000000e+00,0.000000000000000000e+00
3.750000000000000000e-01,2.857142857142856429e-01,7.272727272727272929e-01,8.333333333333331483e-01,9.522580645161291546e-01,2.994486560992419277e-01,8.100152456901605902e-01,1.265597147950089374e-01,5.594855305466239770e-01,3.882352941176471228e-01,2.555555555555554803e-01,0.000000000000000000e+00,0.000000000000000000e+00
8.750000000000000000e-01,4.285714285714284921e-01,6.363636363636363535e-01,3.333333333333334259e-01,9.599999999999999645e-01,5.382494831150930192e-01,7.726046675266801111e-01,2.406417112299465422e-01,7.009646302250803762e-01,2.470588235294118029e-01,2.999999999999999889e-01,0.000000000000000000e+00,2.200139342158336485e-04
0.000000000000000000e+00,2.857142857142856429e-01,7.272727272727272929e-01,8.333333333333331483e-01,9.483870967741936386e-01,3.487250172294968920e-01,8.720534771901019555e-01,1.497326203208556583e-01,7.073954983922829953e-01,1.411764705882352922e-01,2.999999999999999889e-01,0.000000000000000000e+00,0.000000000000000000e+00
0.000000000000000000e+00,2.857142857142856429e-01,7.272727272727272929e-01,6.666666666666665186e-01,9.522580645161291546e-01,4.166092350103376418e-01,9.168523513545210335e-01,1.818181818181818232e-01,6.077170418006432318e-01,2.823529411764705843e-01,2.000000000000000111e-01,0.000000000000000000e+00,7.443804774302372265e-03
8.750000000000000000e-01,5.714285714285712858e-01,7.272727272727272929e-01,8.333333333333331483e-01,9.522580645161291546e-01,4.135079255685734645e-01,7.816348070833819550e-01,1.532976827094474082e-01,5.016077170418007380e-01,4.823529411764704844e-01,1.555555555555555303e-01,0.000000000000000000e+00,1.787613215503648526e-03
7.500000000000000000e-01,5.714285714285712858e-01,5.454545454545454142e-01,3.333333333333334259e-01,9.354838709677422148e-01,6.271536871123361001e-01,5.040459716195615503e-01,2.228163992869875432e-01,3.344051446945338069e-01,8.823529411764704511e-01,7.999999999999999334e-01,3.125000000000000000e-02,0.000000000000000000e+00
0.000000000000000000e+00,2.857142857142856429e-01,6.363636363636363535e-01,8.333333333333331483e-01,9.225806451612903469e-01,3.301171605789111063e-01,7.227629881552717350e-01,1.586452762923351023e-01,3.858520900321543712e-01,4.470588235294117863e-01,1.555555555555555303e-01,0.000000000000000000e+00,3.208536540647574133e-03
3.750000000000000000e-01,1.428571428571428770e-01,5.454545454545454142e-01,5.000000000000000000e-01,9.651612903225808004e-01,2.901447277739490072e-01,4.539697431687580997e-01,1.764705882352941013e-01,8.038585209003218379e-01,1.529411764705882193e-01,9.999999999999997780e-02,0.000000000000000000e+00,1.613435517582780540e-03
6.250000000000000000e-01,1.428571428571428770e-01,9.090909090909089496e-01,1.666666666666666297e-01,7.845161290322583136e-01,6.547208821502411777e-03,1.158672452210625231e-01,1.960784313725490516e-02,3.086816720257236080e-01,1.882352941176470562e-01,4.555555555555554914e-01,0.000000000000000000e+00,0.000000000000000000e+00
5.000000000000000000e-01,2.857142857142856429e-01,7.272727272727272929e-01,6.666666666666665186e-01,9.470967741935486517e-01,3.373535492763611310e-01,8.647824557288612546e-01,1.711229946524064072e-01,2.540192926045016231e-01,7.058823529411764053e-01,3.555555555555555136e-01,0.000000000000000000e+00,0.000000000000000000e+00
3.750000000000000000e-01,2.857142857142856429e-01,6.363636363636363535e-01,1.666666666666666297e-01,9.470967741935486517e-01,5.220537560303238900e-01,7.626363316523983027e-01,2.549019607843137636e-01,5.434083601286175957e-01,4.470588235294117863e-01,2.555555555555554803e-01,0.000000000000000000e+00,4.033588793956950809e-03
3.750000000000000000e-01,1.428571428571428770e-01,7.272727272727272929e-01,6.666666666666665186e-01,9.238709677419354449e-01,9.955203308063406142e-01,9.937844493960360515e-01,1.319073083778966593e-01,5.691318327974277391e-01,3.411764705882352477e-01,2.999999999999999889e-01,0.000000000000000000e+00,7.150452862014594103e-03
3.750000000000000000e-01,2.857142857142856429e-01,7.272727272727272929e-01,6.666666666666665186e-01,9.470967741935486517e-01,3.373535492763611310e-01,8.647824557288612546e-01,1.711229946524064072e-01,4.244372990353698638e-01,4.470588235294117863e-01,6.555555555555555580e-01,0.000000000000000000e+00,6.701257746323933603e-03
3.750000000000000000e-01,1.428571428571428770e-01,6.363636363636363535e-01,8.333333333333331483e-01,9.741935483870968193e-01,4.000689179875948076e-01,6.722176615456785242e-01,1.960784313725489891e-01,6.173633440514468829e-01,3.411764705882352477e-01,2.555555555555554803e-01,0.000000000000000000e+00,6.233728136115288107e-04
8.750000000000000000e-01,5.714285714285712858e-01,1.818181818181817400e-01,6.666666666666665186e-01,9.419354838709680378e-01,1.195727084769124815e-01,8.549313943942771221e-02,1.390374331550801867e-01,4.887459807073956108e-01,1.058823529411764691e-01,5.555555555555554692e-01,0.000000000000000000e+00,0.000000000000000000e+00
6.250000000000000000e-01,2.857142857142856429e-01,4.545454545454544748e-01,1.000000000000000000e+00,9.251612903225807649e-01,3.046175051688490010e-01,3.317696728040342991e-01,1.140819964349376048e-01,3.890675241157556252e-01,3.647058823529412130e-01,1.555555555555555303e-01,0.000000000000000000e+00,8.250522533093761343e-04
1.250000000000000000e-01,4.285714285714284921e-01,6.363636363636363535e-01,1.666666666666666297e-01,9.470967741935486517e-01,5.220537560303238900e-01,7.626363316523983027e-01,2.549019607843137636e-01,5.787781350482316123e-01,3.764705882352941679e-01,4.000000000000000222e-01,0.000000000000000000e+00,2.832679403028858390e-03
1.250000000000000000e-01,1.428571428571428770e-01,7.272727272727272929e-01,0.000000000000000000e+00,9.406451612903226067e-01,3.697450034458993895e-01,8.867127946522810333e-01,1.105169340463457855e-01,5.080385852090032461e-01,4.235294117647058765e-01,5.555555555555554692e-01,0.000000000000000000e+00,0.000000000000000000e+00
7.500000000000000000e-01,2.857142857142856429e-01,7.272727272727272929e-01,3.333333333333334259e-01,9.212903225806452490e-01,2.818745692625775345e-01,8.535240999179080079e-01,1.105169340463457855e-01,4.244372990353698638e-01,4.941176470588233838e-01,4.555555555555554914e-01,0.000000000000000000e+00,3.456968941366286852e-02
6.250000000000000000e-01,4.285714285714284921e-01,4.545454545454544748e-01,8.333333333333331483e-01,4.477419354838708676e-01,2.408683666436939874e-01,2.649231851764982659e-01,7.130124777183600299e-03,2.700964630225080598e-01,8.823529411764704511e-01,2.555555555555554803e-01,0.000000000000000000e+00,0.000000000000000000e+00
1.250000000000000000e-01,4.285714285714284921e-01,5.454545454545454142e-01,8.333333333333331483e-01,9.303225806451611568e-01,2.880771881461062223e-01,4.323912278644306273e-01,9.982174688057038336e-02,6.945337620578779791e-01,4.235294117647058765e-01,1.555555555555555303e-01,0.000000000000000000e+00,0.000000000000000000e+00
2.500000000000000000e-01,2.857142857142856429e-01,6.363636363636363535e-01,5.000000000000000000e-01,9.406451612903226067e-01,8.521709166092349408e-01,8.747507916031429520e-01,1.122994652406417299e-01,4.694533762057879756e-01,4.823529411764704844e-01,2.999999999999999889e-01,0.000000000000000000e+00,0.000000000000000000e+00
1.250000000000000000e-01,4.285714285714284921e-01,7.272727272727272929e-01,1.666666666666666297e-01,9.329032258064513528e-01,4.424534803583736742e-01,8.029787733083149082e-01,1.247771836007129931e-01,4.951768488745981744e-01,3.647058823529412130e-01,2.999999999999999889e-01,0.000000000000000000e+00,6.453742070331120427e-03
1.250000000000000000e-01,4.285714285714284921e-01,6.363636363636363535e-01,6.666666666666665186e-01,9.703225806451614144e-01,4.638180565127498212e-01,6.787850357687347236e-01,2.691622103386808740e-01,6.848874598070739950e-01,2.470588235294118029e-01,5.555555555555554692e-01,0.000000000000000000e+00,9.185581753511053854e-03
5.000000000000000000e-01,2.857142857142856429e-01,7.272727272727272929e-01,0.000000000000000000e+00,9.432258064516130247e-01,2.667126119917298532e-01,8.401548023924005903e-01,1.639928698752227687e-01,5.434083601286175957e-01,2.705882352941175739e-01,2.555555555555554803e-01,0.000000000000000000e+00,0.000000000000000000e+00
5.000000000000000000e-01,2.857142857142856429e-01,6.363636363636363535e-01,6.666666666666665186e-01,9.329032258064513528e-01,5.713301171605789097e-01,8.733434971267738378e-01,1.265597147950089374e-01,6.077170418006432318e-01,6.588235294117646967e-01,7.999999999999999334e-01,2.187500000000000000e-01,1.989292655201496066e-03
2.500000000000000000e-01,2.857142857142856429e-01,7.272727272727272929e-01,1.000000000000000000e+00,9.264516129032257519e-01,3.294279807029634743e-01,8.708807317931277492e-01,2.032085561497326553e-01,5.916398713826367395e-01,4.705882352941176960e-01,5.555555555555554692e-01,0.000000000000000000e+00,2.254226100986396128e-02
6.250000000000000000e-01,1.428571428571428770e-01,7.272727272727272929e-01,5.000000000000000000e-01,9.561290322580644485e-01,4.062715368711233288e-01,9.095813298932802216e-01,1.336898395721924926e-01,5.369774919614147546e-01,2.235294117647059209e-01,7.555555555555556468e-01,0.000000000000000000e+00,3.149866158190018500e-02
3.750000000000000000e-01,5.714285714285712858e-01,1.818181818181817400e-01,1.000000000000000000e+00,9.109677419354835770e-01,1.729841488628531820e-01,1.105898909346780812e-01,1.711229946524064072e-01,2.700964630225080598e-01,3.647058823529412130e-01,5.000000000000001110e-01,0.000000000000000000e+00,0.000000000000000000e+00
0.000000000000000000e+00,2.857142857142856429e-01,7.272727272727272929e-01,1.000000000000000000e+00,9.148387096774192040e-01,2.860096485182633264e-01,8.284273484226574169e-01,1.016042780748663277e-01,5.401929260450162307e-01,4.352941176470588869e-01,2.000000000000000111e-01,0.000000000000000000e+00,0.000000000000000000e+00
2.500000000000000000e-01,2.857142857142856429e-01,7.272727272727272929e-01,1.666666666666666297e-01,9.329032258064513528e-01,4.424534803583736742e-01,8.029787733083149082e-01,1.247771836007129931e-01,3.762057877813505535e-01,5.176470588235293491e-01,6.555555555555555580e-01,0.000000000000000000e+00,1.030398591910821129e-02
8.750000000000000000e-01,5.714285714285712858e-01,7.272727272727272929e-01,1.666666666666666297e-01,9.329032258064513528e-01,4.424534803583736742e-01,8.029787733083149082e-01,1.247771836007129931e-01,3.504823151125401881e-01,5.647058823529411686e-01,5.555555555555554692e-01,0.000000000000000000e+00,0.000000000000000000e+00
0.000000000000000000e+00,1.428571428571428770e-01,7.272727272727272929e-01,1.000000000000000000e+00,9.329032258064513528e-01,9.483115093039283794e-01,9.583675384074119563e-01,1.265597147950089374e-01,6.334405144694535972e-01,3.294117647058823484e-01,4.000000000000000222e-01,0.000000000000000000e+00,6.486744160463497888e-02
7.500000000000000000e-01,2.857142857142856429e-01,7.272727272727272929e-01,6.666666666666665186e-01,9.509677419354841676e-01,4.024810475534114640e-01,7.741292365427465683e-01,2.174688057040998490e-01,5.401929260450162307e-01,2.235294117647059209e-01,5.999999999999999778e-01,0.000000000000000000e+00,1.549264786769828607e-03
1.250000000000000000e-01,0.000000000000000000e+00,5.454545454545454142e-01,6.666666666666665186e-01,8.980645161290322642e-01,5.141281874569262333e-01,3.541691098862437270e-01,1.212121212121211739e-01,3.601286173633440613e-01,7.529411764705882248e-01,3.555555555555555136e-01,0.000000000000000000e+00,3.393714935279234374e-02
1.250000000000000000e-01,2.857142857142856429e-01,6.363636363636363535e-01,6.666666666666665186e-01,9.406451612903226067e-01,3.835286009648519179e-01,6.627184238301865316e-01,1.586452762923351023e-01,6.173633440514468829e-01,3.176470588235294490e-01,2.999999999999999889e-01,0.000000000000000000e+00,3.896080085072054552e-03
3.750000000000000000e-01,1.428571428571428770e-01,7.272727272727272929e-01,1.666666666666666297e-01,9.445161290322580117e-01,3.811164713990352060e-01,8.941010906532191882e-01,1.158645276292334936e-01,4.405144694533763006e-01,4.470588235294117863e-01,2.000000000000000111e-01,0.000000000000000000e+00,2.686003446884969743e-03
6.250000000000000000e-01,1.428571428571428770e-01,6.363636363636363535e-01,5.000000000000000000e-01,9.406451612903226067e-01,4.720882150241211828e-01,7.198311246628358306e-01,1.122994652406417299e-01,5.369774919614147546e-01,3.058823529411764386e-01,2.999999999999999889e-01,0.000000000000000000e+00,9.478933665798834618e-03
6.250000000000000000e-01,4.285714285714284921e-01,7.272727272727272929e-01,8.333333333333331483e-01,9.522580645161291546e-01,4.135079255685734645e-01,7.816348070833819550e-01,1.532976827094474082e-01,7.363344051446948368e-01,1.411764705882352922e-01,4.000000000000000222e-01,0.000000000000000000e+00,1.000000000000000000e+00
0.000000000000000000e+00,0.000000000000000000e+00,6.363636363636363535e-01,1.000000000000000000e+00,9.380645161290324108e-01,4.869055823569952146e-01,6.960243931042572330e-01,1.889483065953654062e-01,5.562700964630225009e-01,2.823529411764705843e-01,6.555555555555555580e-01,0.000000000000000000e+00,0.000000000000000000e+00
3.750000000000000000e-01,4.285714285714284921e-01,7.272727272727272929e-01,1.666666666666666297e-01,9.341935483870965617e-01,4.521019986216402997e-01,9.431218482467453867e-01,2.228163992869875432e-01,4.405144694533763006e-01,2.705882352941175739e-01,5.555555555555554692e-01,0.000000000000000000e+00,1.604268270323787066e-03
6.250000000000000000e-01,4.285714285714284921e-01,7.272727272727272929e-01,6.666666666666665186e-01,9.238709677419354449e-01,9.955203308063406142e-01,9.937844493960360515e-01,1.319073083778966593e-01,2.604501607717042422e-01,7.411764705882354365e-01,4.000000000000000222e-01,0.000000000000000000e+00,1.677606248395731997e-02
3.750000000000000000e-01,2.857142857142856429e-01,1.818181818181817400e-01,0.000000000000000000e+00,8.838709677419356314e-01,7.856650585802894826e-02,6.661193854814120852e-02,7.308377896613191260e-02,3.086816720257236080e-01,2.352941176470588480e-01,1.555555555555555303e-01,0.000000000000000000e+00,0.000000000000000000e+00
0.000000000000000000e+00,0.000000000000000000e+00,6.363636363636363535e-01,8.333333333333331483e-01,9.677419354838707743e-01,7.925568573397655525e-01,8.293655447402369374e-01,1.497326203208556583e-01,7.620578778135049802e-01,2.000000000000000111e-01,2.999999999999999889e-01,0.000000000000000000e+00,0.000000000000000000e+00
6.250000000000000000e-01,1.428571428571428770e-01,7.272727272727272929e-01,6.666666666666665186e-01,9.019354838709675581e-01,2.363886974500344906e-01,8.196317579453501478e-01,1.033868092691622165e-01,5.916398713826367395e-01,2.588235294117647856e-01,1.555555555555555303e-01,0.000000000000000000e+00,0.000000000000000000e+00
2.500000000000000000e-01,4.285714285714284921e-01,7.272727272727272929e-01,5.000000000000000000e-01,9.290322580645159478e-01,4.679531357684356130e-01,9.556702239943708488e-01,1.212121212121211739e-01,3.440514469453376245e-01,2.823529411764705843e-01,2.555555555555554803e-01,0.000000000000000000e+00,1.998459902460489324e-03
6.250000000000000000e-01,4.285714285714284921e-01,1.818181818181817400e-01,8.333333333333331483e-01,9.419354838709680378e-01,1.195727084769124815e-01,8.549313943942771221e-02,1.390374331550801867e-01,4.887459807073956108e-01,1.176470588235294518e-01,5.000000000000001110e-01,0.000000000000000000e+00,0.000000000000000000e+00
3.750000000000000000e-01,4.285714285714284921e-01,6.363636363636363535e-01,1.000000000000000000e+00,9.225806451612903469e-01,3.394210889042040269e-01,7.309722059340918454e-01,1.122994652406417299e-01,6.173633440514468829e-01,2.117647058823529382e-01,2.999999999999999889e-01,0.000000000000000000e+00,0.000000000000000000e+00
8.750000000000000000e-01,5.714285714285712858e-01,6.363636363636363535e-01,0.000000000000000000e+00,9.470967741935486517e-01,7.095106822880771213e-01,7.795238653688284503e-01,1.461675579322637974e-01,7.491961414790996310e-01,1.647058823529411742e-01,1.555555555555555303e-01,0.000000000000000000e+00,1.127571412856147445e-03
7.500000000000000000e-01,2.857142857142856429e-01,9.090909090909091161e-02,6.666666666666665186e-01,8.503225806451611968e-01,7.236388697450035941e-03,4.186701067198310422e-02,5.882352941176471200e-02,1.929260450160771856e-01,4.470588235294117863e-01,1.000000000000000000e+00,0.000000000000000000e+00,4.235268233654798133e-03
8.750000000000000000e-01,5.714285714285712858e-01,1.818181818181817400e-01,1.000000000000000000e+00,9.109677419354835770e-01,1.729841488628531820e-01,1.105898909346780812e-01,1.711229946524064072e-01,2.958199356913184253e-01,9.882352941176472116e-01,1.555555555555555303e-01,0.000000000000000000e+00,0.000000000000000000e+00
6.250000000000000000e-01,4.285714285714284921e-01,7.272727272727272929e-01,3.333333333333334259e-01,9.574193548387095465e-01,4.555478980013784041e-01,8.111879910871350186e-01,1.639928698752227687e-01,7.781350482315112504e-01,7.058823529411767383e-02,4.555555555555554914e-01,0.000000000000000000e+00,0.000000000000000000e+00
5.000000000000000000e-01,2.857142857142856429e-01,2.727272727272727071e-01,1.000000000000000000e+00,9.329032258064513528e-01,4.651964162646451267e-02,2.075759352644540937e-02,2.192513368983957101e-01,4.951768488745981744e-01,1.411764705882352922e-01,5.999999999999999778e-01,0.000000000000000000e+00,0.000000000000000000e+00
7.500000000000000000e-01,2.857142857142856429e-01,7.272727272727272929e-01,1.000000000000000000e+00,9.148387096774192040e-01,2.860096485182633264e-01,8.284273484226574169e-01,1.016042780748663277e-01,4.790996784565916822e-01,4.470588235294117863e-01,5.555555555555554692e-01,0.000000000000000000e+00,3.758571376187159053e-04
2.500000000000000000e-01,2.857142857142856429e-01,1.818181818181817400e-01,3.333333333333334259e-01,9.225806451612903469e-01,5.995864920744314874e-02,3.893514717954731780e-02,1.301247771836007150e-01,2.893890675241156951e-01,3.058823529411764386e-01,5.555555555555554692e-01,0.000000000000000000e+00,5.087822228741152412e-03
3.750000000000000000e-01,4.285714285714284921e-01,7.272727272727272929e-01,3.333333333333334259e-01,9.574193548387095465e-01,4.555478980013784041e-01,8.111879910871350186e-01,1.639928698752227687e-01,7.106109324758844714e-01,1.176470588235294518e-01,4.000000000000000222e-01,0.000000000000000000e+00,8.626379670712478603e-03
1.250000000000000000e-01,2.857142857142856429e-01,6.363636363636363535e-01,1.666666666666666297e-01,9.819354838709676292e-01,3.694004135079256290e-01,7.496188577459833580e-01,3.030303030303030387e-01,5.755627009646302472e-01,2.941176470588235392e-01,4.000000000000000222e-01,0.000000000000000000e+00,0.000000000000000000e+00
3.750000000000000000e-01,4.285714285714284921e-01,7.272727272727272929e-01,1.666666666666666297e-01,9.341935483870965617e-01,4.521019986216402997e-01,9.431218482467453867e-01,2.228163992869875432e-01,4.565916398713826818e-01,1.411764705882352922e-01,3.555555555555555136e-01,0.000000000000000000e+00,0.000000000000000000e+00
0.000000000000000000e+00,4.285714285714284921e-01,7.272727272727272929e-01,0.000000000000000000e+00,9.316129032258065878e-01,4.321157822191591391e-01,7.958250263867713281e-01,1.247771836007129931e-01,6.045016077170419777e-01,3.176470588235294490e-01,2.000000000000000111e-01,0.000000000000000000e+00,6.692090499064940780e-03
8.750000000000000000e-01,5.714285714285712858e-01,6.363636363636363535e-01,8.333333333333331483e-01,9.122580645161292301e-01,8.700895933838731500e-01,8.918728743989681185e-01,1.729055258467023237e-01,3.858520900321543712e-01,6.823529411764704955e-01,2.555555555555554803e-01,0.000000000000000000e+00,0.000000000000000000e+00
5.000000000000000000e-01,5.714285714285712858e-01,6.363636363636363535e-01,1.000000000000000000e+00,9.406451612903226067e-01,6.209510682288077454e-01,7.096282397091592253e-01,1.354723707664884369e-01,7.106109324758844714e-01,2.117647058823529382e-01,3.555555555555555136e-01,0.000000000000000000e+00,3.327710755014484309e-03
8.750000000000000000e-01,1.428571428571428770e-01,7.272727272727272929e-01,5.000000000000000000e-01,9.677419354838707743e-01,2.749827705031013259e-01,7.943004573707047600e-01,3.190730837789660934e-01,6.752411575562702328e-01,1.294117647058823928e-01,5.000000000000001110e-01,0.000000000000000000e+00,2.146052583330277166e-02
8.750000000000000000e-01,5.714285714285712858e-01,1.818181818181817400e-01,1.000000000000000000e+00,9.109677419354835770e-01,1.729841488628531820e-01,1.105898909346780812e-01,1.711229946524064072e-01,2.990353697749196793e-01,2.823529411764705843e-01,5.999999999999999778e-01,0.000000000000000000e+00,6.591250779216016251e-03
3.750000000000000000e-01,4.285714285714284921e-01,6.363636363636363535e-01,1.000000000000000000e+00,9.458064516129032206e-01,6.964162646450724470e-01,7.700246276533363465e-01,1.443850267379679086e-01,2.636655948553054407e-01,7.058823529411764053e-01,5.555555555555554553e-02,0.000000000000000000e+00,0.000000000000000000e+00
6.250000000000000000e-01,4.285714285714284921e-01,6.363636363636363535e-01,1.666666666666666297e-01,9.754838709677420283e-01,4.500344589937972373e-01,7.027090418670107752e-01,4.046345811051693664e-01,5.530546623794212469e-01,4.705882352941176960e-01,4.000000000000000222e-01,0.000000000000000000e+00,1.558432034028822027e-04
7.500000000000000000e-01,2.857142857142856429e-01,6.363636363636363535e-01,1.000000000000000000e+00,9.380645161290324108e-01,4.869055823569952146e-01,6.960243931042572330e-01,1.889483065953654062e-01,5.755627009646302472e-01,2.823529411764705843e-01,5.555555555555554692e-01,0.000000000000000000e+00,2.511825748964101324e-03
7.500000000000000000e-01,5.714285714285712858e-01,5.454545454545454142e-01,1.666666666666666297e-01,9.599999999999999645e-01,6.178497587870432906e-01,4.959540283804387273e-01,1.960784313725489891e-01,7.942122186495178537e-01,1.529411764705882193e-01,5.555555555555554692e-01,0.000000000000000000e+00,7.925085255399506867e-02
0.000000000000000000e+00,0.000000000000000000e+00,6.363636363636363535e-01,1.000000000000000000e+00,9.225806451612903469e-01,3.394210889042040269e-01,7.309722059340918454e-01,1.122994652406417299e-01,5.048231511254019921e-01,3.411764705882352477e-01,2.000000000000000111e-01,0.000000000000000000e+00,0.000000000000000000e+00
8.750000000000000000e-01,5.714285714285712858e-01,1.000000000000000000e+00,3.333333333333334259e-01,8.425806451612904979e-01,9.200551343900760515e-02,4.065908291309957012e-01,9.447415329768270309e-02,9.324758842443731099e-02,5.411764705882353699e-01,8.444444444444444420e-01,0.000000000000000000e+00,1.025814968281324457e-02
0.000000000000000000e+00,0.000000000000000000e+00,6.363636363636363535e-01,3.333333333333334259e-01,9.470967741935486517e-01,3.793935217091661261e-01,7.578280755248035794e-01,1.711229946524064072e-01,4.630225080385851899e-01,3.764705882352941679e-01,5.555555555555554553e-02,0.000000000000000000e+00,0.000000000000000000e+00
2.500000000000000000e-01,2.857142857142856429e-01,1.818181818181817400e-01,8.333333333333331483e-01,9.419354838709680378e-01,1.195727084769124815e-01,8.549313943942771221e-02,1.390374331550801867e-01,3.022508038585208778e-01,1.764705882352941013e-01,6.555555555555555580e-01,0.000000000000000000e+00,0.000000000000000000e+00
8.750000000000000000e-01,5.714285714285712858e-01,6.363636363636363535e-01,0.000000000000000000e+00,9.341935483870965617e-01,3.518263266712612358e-01,7.398850709510963464e-01,1.033868092691622165e-01,6.816720257234728519e-01,8.235294117647057321e-02,2.555555555555554803e-01,0.000000000000000000e+00,0.000000000000000000e+00
