7.500000000000000000e-01,1.428571428571428770e-01,1.818181818181817400e-01,0.000000000000000000e+00,8.890322580645160233e-01,1.760854583046175259e-01,1.124662835698369834e-01,8.912655971479500894e-02,2.829581993569132425e-01,3.647058823529412130e-01,5.999999999999999778e-01,0.000000000000000000e+00,2.507242125334604652e-02
6.250000000000000000e-01,4.285714285714284921e-01,1.818181818181817400e-01,0.000000000000000000e+00,9.212903225806452490e-01,1.330117160578911384e-01,9.229506274187872228e-02,1.105169340463457855e-01,4.180064308681671337e-01,1.411764705882352922e-01,2.999999999999999889e-01,0.000000000000000000e+00,2.920684976715192532e-02
2.500000000000000000e-01,2.857142857142856429e-01,5.454545454545454142e-01,8.333333333333331483e-01,9.212903225806452490e-01,1.726395589248794216e-01,4.880966342207108122e-01,1.105169340463457855e-01,7.202572347266881225e-01,3.294117647058823484e-01,1.555555555555555303e-01,0.000000000000000000e+00,1.310916358036008688e-03
2.500000000000000000e-01,2.857142857142856429e-01,7.272727272727272929e-01,6.666666666666665186e-01,9.625806451612903825e-01,4.827705031013094228e-01,8.279582502638676011e-01,2.477718360071300974e-01,5.273311897106108814e-01,4.000000000000000222e-01,3.555555555555555136e-01,0.000000000000000000e+00,3.289208316526712889e-02
6.250000000000000000e-01,4.285714285714284921e-01,7.272727272727272929e-01,8.333333333333331483e-01,8.825806451612902004e-01,1.000000000000000222e+00,1.000000000000000000e+00,7.130124777183600993e-02,4.758842443729903171e-01,6.117647058823528772e-01,5.000000000000001110e-01,0.000000000000000000e+00,3.621062667302263338e-03
0.000000000000000000e+00,0.000000000000000000e+00,6.363636363636363535e-01,1.666666666666666297e-01,9.819354838709676292e-01,3.694004135079256290e-01,7.496188577459833580e-01,3.030303030303030387e-01,5.273311897106108814e-01,4.235294117647058765e-01,4.555555555555554914e-01,0.000000000000000000e+00,0.000000000000000000e+00
6.250000000000000000e-01,4.285714285714284921e-01,1.818181818181817400e-01,6.666666666666665186e-01,9.354838709677422148e-01,1.626464507236388413e-01,1.054298111879910793e-01,2.228163992869875432e-01,3.054662379421221874e-01,2.117647058823529382e-01,4.000000000000000222e-01,0.000000000000000000e+00,7.617982472223241985e-03
1.250000000000000000e-01,2.857142857142856429e-01,6.363636363636363535e-01,3.333333333333334259e-01,9.870967741935485762e-01,7.463818056512748766e-01,7.999296352761815498e-01,3.208556149732619822e-01,9.196141479099679827e-01,4.705882352941177099e-02,4.555555555555554914e-01,0.000000000000000000e+00,0.000000000000000000e+00
1.000000000000000000e+00,1.000000000000000000e+00,9.090909090909091161e-02,6.666666666666665186e-01,8.761290322580645995e-01,4.169538249483115827e-02,4.116336343379852630e-02,9.447415329768270309e-02,4.340836012861736815e-01,3.294117647058823484e-01,2.999999999999999889e-01,0.000000000000000000e+00,0.000000000000000000e+00
3.750000000000000000e-01,1.428571428571428770e-01,6.363636363636363535e-01,1.000000000000000000e+00,9.225806451612903469e-01,3.394210889042040269e-01,7.309722059340918454e-01,1.122994652406417299e-01,6.205787781350482479e-01,2.235294117647059209e-01,2.000000000000000111e-01,0.000000000000000000e+00,0.000000000000000000e+00
5.000000000000000000e-01,2.857142857142856429e-01,9.090909090909091161e-02,6.666666666666665186e-01,8.580645161290323397e-01,1.309441764300482355e-02,9.264688636097103899e-03,1.122994652406417299e-01,1.704180064308682130e-01,3.647058823529412130e-01,8.444444444444444420e-01,0.000000000000000000e+00,2.222140735579920118e-02
2.500000000000000000e-01,2.857142857142856429e-01,1.000000000000000000e+00,0.000000000000000000e+00,8.606451612903226467e-01,8.373535492763611865e-02,4.008443766858215129e-01,4.634581105169340715e-02,7.717041800643086036e-02,7.058823529411767383e-02,9.000000000000000222e-01,0.000000000000000000e+00,9.836456308899566015e-03
8.750000000000000000e-01,5.714285714285712858e-01,6.363636363636363535e-01,0.000000000000000000e+00,9.496774193548388476e-01,3.025499655410062161e-01,5.719479301043743913e-01,1.515151515151515194e-01,7.041800643086817413e-01,1.411764705882352922e-01,2.999999999999999889e-01,0.000000000000000000e+00,0.000000000000000000e+00
7.500000000000000000e-01,2.857142857142856429e-01,6.363636363636363535e-01,6.666666666666665186e-01,9.819354838709676292e-01,7.784286698828393192e-01,8.195144834056526939e-01,2.139037433155080159e-01,6.784565916398714869e-01,2.235294117647059209e-01,2.999999999999999889e-01,0.000000000000000000e+00,0.000000000000000000e+00
7.500000000000000000e-01,2.857142857142856429e-01,9.090909090909091161e-02,0.000000000000000000e+00,8.516129032258066278e-01,2.894555478980013682e-02,5.910636800750556502e-02,7.308377896613191260e-02,1.704180064308682130e-01,6.588235294117646967e-01,6.555555555555555580e-01,0.000000000000000000e+00,9.130578269957096912e-03
6.250000000000000000e-01,2.857142857142856429e-01,9.090909090909091161e-02,1.666666666666666297e-01,7.277419354838710053e-01,1.137146795313576791e-02,9.733786794886827715e-03,3.386809269162210229e-02,9.324758842443731099e-02,7.294117647058824261e-01,5.555555555555554692e-01,0.000000000000000000e+00,1.961790913424516728e-03
7.500000000000000000e-01,2.857142857142856429e-01,7.272727272727272929e-01,5.000000000000000000e-01,9.161290322580646350e-01,9.858718125430735446e-01,9.867479770141903694e-01,1.212121212121211739e-01,5.530546623794212469e-01,3.529411764705882026e-01,3.555555555555555136e-01,0.000000000000000000e+00,0.000000000000000000e+00
2.500000000000000000e-01,2.857142857142856429e-01,9.090909090909091161e-02,8.333333333333331483e-01,8.412903225806454000e-01,2.377670572019296991e-02,2.615222235252726707e-02,4.634581105169340715e-02,3.376205787781350609e-01,3.882352941176471228e-01,1.555555555555555303e-01,0.000000000000000000e+00,0.000000000000000000e+00
3.750000000000000000e-01,4.285714285714284921e-01,7.272727272727272929e-01,8.333333333333331483e-01,9.522580645161291546e-01,4.135079255685734645e-01,7.816348070833819550e-01,1.532976827094474082e-01,4.983922829581993730e-01,1.176470588235294518e-01,2.999999999999999889e-01,0.000000000000000000e+00,1.419823255472846546e-01
6.250000000000000000e-01,4.285714285714284921e-01,7.272727272727272929e-01,5.000000000000000000e-01,9.561290322580644485e-01,4.062715368711233288e-01,9.095813298932802216e-01,1.336898395721924926e-01,6.237942122186497240e-01,1.411764705882352922e-01,2.000000000000000111e-01,0.000000000000000000e+00,0.000000000000000000e+00
3.750000000000000000e-01,4.285714285714284921e-01,7.272727272727272929e-01,1.000000000000000000e+00,9.329032258064513528e-01,9.483115093039283794e-01,9.583675384074119563e-01,1.265597147950089374e-01,3.729903536977492440e-01,7.294117647058824261e-01,7.999999999999999334e-01,0.000000000000000000e+00,0.000000000000000000e+00
6.250000000000000000e-01,4.285714285714284921e-01,1.818181818181817400e-01,5.000000000000000000e-01,8.541935483870968238e-01,5.892487939352171467e-02,5.523630819749032056e-02,5.347593582887700397e-02,9.967845659163987460e-02,6.470588235294116863e-01,4.555555555555554914e-01,0.000000000000000000e+00,1.961790913424516728e-03
3.750000000000000000e-01,1.428571428571428770e-01,3.636363636363636465e-01,6.666666666666665186e-01,9.148387096774192040e-01,8.373535492763611865e-02,7.716664712091007849e-02,1.016042780748663277e-01,5.080385852090032461e-01,2.941176470588235392e-01,4.000000000000000222e-01,0.000000000000000000e+00,3.527556745260532201e-02
2.500000000000000000e-01,2.857142857142856429e-01,1.818181818181817400e-01,6.666666666666665186e-01,9.419354838709680378e-01,1.109579600275672068e-01,8.162307962941246775e-02,1.604278074866309911e-01,5.337620578778133895e-01,3.529411764705884386e-02,4.555555555555554914e-01,0.000000000000000000e+00,0.000000000000000000e+00
1.250000000000000000e-01,0.000000000000000000e+00,6.363636363636363535e-01,5.000000000000000000e-01,9.406451612903226067e-01,8.521709166092349408e-01,8.747507916031429520e-01,1.122994652406417299e-01,5.852090032154342314e-01,4.823529411764704844e-01,2.000000000000000111e-01,0.000000000000000000e+00,0.000000000000000000e+00
7.500000000000000000e-01,4.285714285714284921e-01,6.363636363636363535e-01,1.666666666666666297e-01,9.987096774193547910e-01,6.202618883528600024e-01,7.778820218130643172e-01,2.549019607843137636e-01,8.070739549839228699e-01,5.647058823529411686e-01,5.000000000000001110e-01,1.000000000000000000e+00,9.918961534230502294e-03
1.250000000000000000e-01,2.857142857142856429e-01,6.363636363636363535e-01,0.000000000000000000e+00,9.845161290322580472e-01,4.631288766368021892e-01,6.900433915796880813e-01,3.796791443850268122e-01,9.131832797427653636e-01,1.529411764705882193e-01,3.555555555555555136e-01,0.000000000000000000e+00,1.897620182611564794e-03
7.500000000000000000e-01,2.857142857142856429e-01,7.272727272727272929e-01,0.000000000000000000e+00,9.406451612903226067e-01,3.697450034458993895e-01,8.867127946522810333e-01,1.105169340463457855e-01,5.498392282958201038e-01,3.411764705882352477e-01,2.000000000000000111e-01,0.000000000000000000e+00,0.000000000000000000e+00
5.000000000000000000e-01,2.857142857142856429e-01,7.272727272727272929e-01,6.666666666666665186e-01,9.625806451612903825e-01,4.827705031013094228e-01,8.279582502638676011e-01,2.477718360071300974e-01,8.167202572347267431e-01,1.764705882352941013e-01,9.999999999999997780e-02,0.000000000000000000e+00,0.000000000000000000e+00
3.750000000000000000e-01,1.428571428571428770e-01,7.272727272727272929e-01,5.000000000000000000e-01,9.574193548387095465e-01,4.682977257064093179e-01,8.191626597865603321e-01,1.639928698752227687e-01,8.199356913183281081e-01,1.058823529411764691e-01,2.000000000000000111e-01,0.000000000000000000e+00,0.000000000000000000e+00
6.250000000000000000e-01,4.285714285714284921e-01,1.818181818181817400e-01,3.333333333333334259e-01,9.638709677419355915e-01,5.582356995175740549e-02,2.392400609827606550e-02,1.764705882352941013e-01,3.729903536977492440e-01,1.058823529411764691e-01,5.999999999999999778e-01,0.000000000000000000e+00,0.000000000000000000e+00
1.250000000000000000e-01,0.000000000000000000e+00,7.272727272727272929e-01,0.000000000000000000e+00,9.393548387096776198e-01,4.445210199862164036e-01,9.372581212618740221e-01,1.336898395721924926e-01,4.694533762057879756e-01,3.294117647058823484e-01,2.999999999999999889e-01,0.000000000000000000e+00,5.344505151992960147e-03
1.250000000000000000e-01,4.285714285714284921e-01,7.272727272727272929e-01,0.000000000000000000e+00,9.316129032258065878e-01,4.321157822191591391e-01,7.958250263867713281e-01,1.247771836007129931e-01,6.334405144694535972e-01,2.823529411764705843e-01,1.555555555555555303e-01,0.000000000000000000e+00,4.308606211726743107e-04
0.000000000000000000e+00,0.000000000000000000e+00,7.272727272727272929e-01,1.666666666666666297e-01,9.329032258064513528e-01,4.424534803583736742e-01,8.029787733083149082e-01,1.247771836007129931e-01,5.337620578778133895e-01,2.941176470588235392e-01,2.000000000000000111e-01,0.000000000000000000e+00,1.951523596494444679e-01
1.250000000000000000e-01,2.857142857142856429e-01,6.363636363636363535e-01,5.000000000000000000e-01,9.406451612903226067e-01,8.521709166092349408e-01,8.747507916031429520e-01,1.122994652406417299e-01,4.630225080385851899e-01,5.176470588235293491e-01,2.555555555555554803e-01,0.000000000000000000e+00,0.000000000000000000e+00
3.750000000000000000e-01,1.428571428571428770e-01,6.363636363636363535e-01,3.333333333333334259e-01,9.470967741935486517e-01,3.793935217091661261e-01,7.578280755248035794e-01,1.711229946524064072e-01,5.852090032154342314e-01,3.176470588235294490e-01,5.000000000000001110e-01,0.000000000000000000e+00,0.000000000000000000e+00
3.750000000000000000e-01,1.428571428571428770e-01,7.272727272727272929e-01,6.666666666666665186e-01,9.522580645161291546e-01,4.166092350103376418e-01,9.168523513545210335e-01,1.818181818181818232e-01,4.855305466237943013e-01,3.529411764705882026e-01,4.000000000000000222e-01,0.000000000000000000e+00,3.611895420043268780e-03
2.500000000000000000e-01,2.857142857142856429e-01,7.272727272727272929e-01,3.333333333333334259e-01,9.354838709677422148e-01,4.603721571330117168e-01,9.494546733904070113e-01,1.283422459893047984e-01,5.241157556270097384e-01,1.764705882352941013e-01,2.555555555555554803e-01,0.000000000000000000e+00,0.000000000000000000e+00
7.500000000000000000e-01,4.285714285714284921e-01,4.545454545454544748e-01,1.000000000000000000e+00,9.599999999999999645e-01,6.178497587870432906e-01,4.959540283804387273e-01,1.960784313725489891e-01,6.430868167202572483e-01,3.882352941176471228e-01,9.999999999999997780e-02,0.000000000000000000e+00,0.000000000000000000e+00
3.750000000000000000e-01,2.857142857142856429e-01,7.272727272727272929e-01,3.333333333333334259e-01,9.574193548387095465e-01,4.555478980013784041e-01,8.111879910871350186e-01,1.639928698752227687e-01,7.781350482315112504e-01,7.058823529411767383e-02,4.555555555555554914e-01,0.000000000000000000e+00,8.112097099482967755e-02
6.250000000000000000e-01,1.428571428571428770e-01,7.272727272727272929e-01,0.000000000000000000e+00,9.406451612903226067e-01,3.697450034458993895e-01,8.867127946522810333e-01,1.105169340463457855e-01,6.688102893890676137e-01,2.235294117647059209e-01,2.000000000000000111e-01,0.000000000000000000e+00,5.137325363939716089e-02
3.750000000000000000e-01,2.857142857142856429e-01,6.363636363636363535e-01,1.666666666666666297e-01,9.819354838709676292e-01,3.694004135079256290e-01,7.496188577459833580e-01,3.030303030303030387e-01,4.630225080385851899e-01,4.588235294117646856e-01,5.555555555555554692e-01,0.000000000000000000e+00,0.000000000000000000e+00
2.500000000000000000e-01,2.857142857142856429e-01,7.272727272727272929e-01,1.000000000000000000e+00,9.161290322580646350e-01,3.063404548587181364e-01,8.168171689926116974e-01,8.556149732620320358e-02,6.623794212218649946e-01,2.823529411764705843e-01,3.555555555555555136e-01,0.000000000000000000e+00,0.000000000000000000e+00
7.500000000000000000e-01,2.857142857142856429e-01,6.363636363636363535e-01,8.333333333333331483e-01,9.651612903225808004e-01,4.765678842177809016e-01,6.875806262460421037e-01,3.618538324420678132e-01,6.913183279742765031e-01,2.000000000000000111e-01,5.999999999999999778e-01,0.000000000000000000e+00,0.000000000000000000e+00
8.750000000000000000e-01,5.714285714285712858e-01,8.181818181818182323e-01,0.000000000000000000e+00,8.541935483870968238e-01,1.092350103376981546e-01,7.696728040342440957e-01,5.347593582887700397e-02,5.434083601286175957e-01,2.000000000000000111e-01,4.000000000000000222e-01,0.000000000000000000e+00,4.986982508892230485e-03
8.750000000000000000e-01,5.714285714285712858e-01,6.363636363636363535e-01,0.000000000000000000e+00,9.470967741935486517e-01,7.095106822880771213e-01,7.795238653688284503e-01,1.461675579322637974e-01,7.909967845659163777e-01,2.352941176470588480e-01,9.999999999999997780e-02,0.000000000000000000e+00,4.950313519856257023e-04
5.000000000000000000e-01,2.857142857142856429e-01,7.272727272727272929e-01,5.000000000000000000e-01,9.561290322580644485e-01,4.062715368711233288e-01,9.095813298932802216e-01,1.336898395721924926e-01,6.237942122186497240e-01,1.529411764705882193e-01,6.555555555555555580e-01,0.000000000000000000e+00,4.042756041215943633e-03
1.000000000000000000e+00,1.000000000000000000e+00,6.363636363636363535e-01,6.666666666666665186e-01,9.819354838709676292e-01,7.784286698828393192e-01,8.195144834056526939e-01,2.139037433155080159e-01,7.331189710610931387e-01,2.470588235294118029e-01,4.000000000000000222e-01,0.000000000000000000e+00,0.000000000000000000e+00
3.750000000000000000e-01,1.428571428571428770e-01,6.363636363636363535e-01,3.333333333333334259e-01,9.780645161290322243e-01,4.765678842177809016e-01,7.988741644189045754e-01,3.565062388591800357e-01,8.585209003215433787e-01,1.647058823529411742e-01,5.000000000000001110e-01,0.000000000000000000e+00,4.546037915734663787e-02
1.250000000000000000e-01,2.857142857142856429e-01,6.363636363636363535e-01,0.000000000000000000e+00,9.664516129032257874e-01,3.335630599586492107e-01,6.263633165239825829e-01,2.566844919786095969e-01,8.392282958199357434e-01,2.000000000000000111e-01,4.000000000000000222e-01,0.000000000000000000e+00,8.113013824208864869e-03
1.250000000000000000e-01,0.000000000000000000e+00,7.272727272727272929e-01,6.666666666666665186e-01,9.509677419354841676e-01,4.024810475534114640e-01,7.741292365427465683e-01,2.174688057040998490e-01,5.594855305466239770e-01,2.117647058823529382e-01,5.555555555555554692e-01,0.000000000000000000e+00,0.000000000000000000e+00
1.250000000000000000e-01,0.000000000000000000e+00,6.363636363636363535e-01,1.000000000000000000e+00,9.225806451612903469e-01,3.394210889042040269e-01,7.309722059340918454e-01,1.122994652406417299e-01,5.980707395498392476e-01,2.117647058823529382e-01,2.555555555555554803e-01,0.000000000000000000e+00,0.000000000000000000e+00
1.250000000000000000e-01,0.000000000000000000e+00,6.363636363636363535e-01,1.666666666666666297e-01,9.819354838709676292e-01,3.694004135079256290e-01,7.496188577459833580e-01,3.030303030303030387e-01,7.202572347266881225e-01,8.235294117647057321e-02,4.555555555555554914e-01,0.000000000000000000e+00,9.176414506252060163e-03
0.000000000000000000e+00,2.857142857142856429e-01,6.363636363636363535e-01,8.333333333333331483e-01,9.225806451612903469e-01,3.301171605789111063e-01,7.227629881552717350e-01,1.586452762923351023e-01,5.819935691318329773e-01,2.823529411764705843e-01,5.000000000000001110e-01,0.000000000000000000e+00,4.152763008323860118e-03
3.750000000000000000e-01,2.857142857142856429e-01,5.454545454545454142e-01,1.666666666666666297e-01,7.845161290322583136e-01,2.050310130944176246e-01,4.207810484343849078e-01,2.673796791443850199e-02,6.784565916398714869e-01,2.588235294117647856e-01,2.999999999999999889e-01,0.000000000000000000e+00,0.000000000000000000e+00
7.500000000000000000e-01,2.857142857142856429e-01,6.363636363636363535e-01,5.000000000000000000e-01,9.445161290322580117e-01,3.725017229496898619e-01,6.539228333528791515e-01,1.426024955436720199e-01,6.173633440514468829e-01,2.705882352941175739e-01,2.555555555555554803e-01,0.000000000000000000e+00,1.393421583366946919e-03
3.750000000000000000e-01,2.857142857142856429e-01,8.181818181818182323e-01,8.333333333333331483e-01,9.277419354838708498e-01,1.467953135768435835e-01,7.962941245455611439e-01,1.194295900178252989e-01,5.209003215434084844e-01,1.176470588235294518e-01,2.999999999999999889e-01,0.000000000000000000e+00,2.221224010854020922e-02
7.500000000000000000e-01,2.857142857142856429e-01,8.181818181818182323e-01,6.666666666666665186e-01,9.200000000000000400e-01,1.392143349414197151e-01,7.912513193385715127e-01,1.550802139037432970e-01,2.926045016077171157e-01,5.294117647058822484e-01,5.555555555555554692e-01,0.000000000000000000e+00,0.000000000000000000e+00
0.000000000000000000e+00,2.857142857142856429e-01,6.363636363636363535e-01,6.666666666666665186e-01,9.264516129032257519e-01,6.743625086147484460e-01,7.529025448575114021e-01,2.905525846702317616e-01,3.086816720257236080e-01,8.588235294117645413e-01,5.000000000000001110e-01,0.000000000000000000e+00,8.901397088482271985e-03
6.250000000000000000e-01,4.285714285714284921e-01,7.272727272727272929e-01,8.333333333333331483e-01,9.354838709677422148e-01,3.211578221915920017e-01,8.637269848715845022e-01,1.497326203208556583e-01,4.694533762057879756e-01,3.764705882352941679e-01,5.000000000000001110e-01,0.000000000000000000e+00,1.158740053536723956e-02
7.500000000000000000e-01,4.285714285714284921e-01,2.727272727272727071e-01,1.000000000000000000e+00,8.154838709677421082e-01,6.547208821502411777e-03,0.000000000000000000e+00,6.238859180035649654e-02,3.601286173633440613e-01,7.058823529411764053e-01,1.555555555555555303e-01,0.000000000000000000e+00,0.000000000000000000e+00
3.750000000000000000e-01,5.714285714285712858e-01,1.000000000000000000e+00,1.000000000000000000e+00,8.477419354838710008e-01,8.993797381116472311e-02,4.053008091943238744e-01,1.212121212121211739e-01,8.360128617363342396e-02,4.941176470588233838e-01,9.000000000000000222e-01,0.000000000000000000e+00,8.232188038575775912e-03
6.250000000000000000e-01,1.428571428571428770e-01,2.727272727272727071e-01,1.000000000000000000e+00,9.329032258064513528e-01,4.651964162646451267e-02,2.075759352644540937e-02,2.192513368983957101e-01,3.697749196141478789e-01,2.117647058823529382e-01,1.000000000000000000e+00,0.000000000000000000e+00,5.603938249422463908e-02
5.000000000000000000e-01,2.857142857142856429e-01,9.090909090909091161e-02,1.000000000000000000e+00,8.787096774193549065e-01,4.996554100620262395e-02,4.737891403776239158e-02,6.951871657754009337e-02,3.279742765273312433e-01,4.470588235294117863e-01,2.000000000000000111e-01,0.000000000000000000e+00,5.848703751237578456e-03
3.750000000000000000e-01,5.714285714285712858e-01,9.090909090909091161e-02,8.333333333333331483e-01,6.387096774193548043e-01,7.029634734665748952e-02,9.299870998006333489e-02,1.426024955436720060e-02,4.244372990353698638e-01,2.941176470588235392e-01,2.555555555555554803e-01,0.000000000000000000e+00,0.000000000000000000e+00
3.750000000000000000e-01,2.857142857142856429e-01,1.000000000000000000e+00,0.000000000000000000e+00,8.606451612903226467e-01,8.373535492763611865e-02,4.008443766858215129e-01,4.634581105169340715e-02,7.717041800643086036e-02,7.058823529411767383e-02,9.000000000000000222e-01,0.000000000000000000e+00,1.636353635730262643e-02
6.250000000000000000e-01,1.428571428571428770e-01,7.272727272727272929e-01,0.000000000000000000e+00,9.432258064516130247e-01,2.667126119917298532e-01,8.401548023924005903e-01,1.639928698752227687e-01,6.109324758842444858e-01,2.000000000000000111e-01,2.555555555555554803e-01,0.000000000000000000e+00,0.000000000000000000e+00
1.250000000000000000e-01,2.857142857142856429e-01,6.363636363636363535e-01,3.333333333333334259e-01,9.483870967741936386e-01,3.118538938662990256e-01,5.813298932801688190e-01,1.711229946524064072e-01,5.948553054662379935e-01,6.470588235294116863e-01,2.000000000000000111e-01,0.000000000000000000e+00,6.875435444244802023e-04
1.250000000000000000e-01,0.000000000000000000e+00,9.090909090909091161e-02,6.666666666666665186e-01,8.761290322580645995e-01,4.169538249483115827e-02,4.116336343379852630e-02,9.447415329768270309e-02,3.247588424437299892e-01,4.235294117647058765e-01,5.555555555555554553e-02,0.000000000000000000e+00,0.000000000000000000e+00
1.250000000000000000e-01,4.285714285714284921e-01,6.363636363636363535e-01,1.000000000000000000e+00,9.406451612903226067e-01,6.209510682288077454e-01,7.096282397091592253e-01,1.354723707664884369e-01,7.266881028938907416e-01,2.470588235294118029e-01,4.000000000000000222e-01,0.000000000000000000e+00,2.796010413992886228e-03
6.250000000000000000e-01,4.285714285714284921e-01,7.272727272727272929e-01,3.333333333333334259e-01,9.535483870967742526e-01,3.938662991040661754e-01,9.020757593526446128e-01,1.568627450980392135e-01,7.106109324758844714e-01,1.411764705882352922e-01,5.000000000000001110e-01,0.000000000000000000e+00,0.000000000000000000e+00
3.750000000000000000e-01,1.428571428571428770e-01,7.272727272727272929e-01,1.000000000000000000e+00,9.264516129032257519e-01,3.294279807029634743e-01,8.708807317931277492e-01,2.032085561497326553e-01,5.852090032154342314e-01,4.705882352941176960e-01,5.000000000000001110e-01,0.000000000000000000e+00,3.336878002273477133e-03
2.500000000000000000e-01,2.857142857142856429e-01,7.272727272727272929e-01,6.666666666666665186e-01,9.754838709677420283e-01,2.894555478980013752e-01,8.026269496892224353e-01,2.834224598930481509e-01,5.659163987138264851e-01,4.117647058823529771e-01,5.555555555555554692e-01,0.000000000000000000e+00,0.000000000000000000e+00
2.500000000000000000e-01,2.857142857142856429e-01,6.363636363636363535e-01,0.000000000000000000e+00,9.393548387096776198e-01,4.972432804962095276e-01,7.039990618036825465e-01,1.907308377896612672e-01,4.790996784565916822e-01,3.294117647058823484e-01,5.555555555555554692e-01,0.000000000000000000e+00,0.000000000000000000e+00
6.250000000000000000e-01,1.428571428571428770e-01,2.727272727272727071e-01,3.333333333333334259e-01,8.941935483870967483e-01,5.547898001378360339e-02,4.174973613228568498e-02,6.773618538324420457e-02,4.180064308681671337e-01,4.235294117647058765e-01,2.555555555555554803e-01,0.000000000000000000e+00,0.000000000000000000e+00
2.500000000000000000e-01,2.857142857142856429e-01,5.454545454545454142e-01,3.333333333333334259e-01,9.445161290322580117e-01,4.565816678152997965e-01,6.011492904890348710e-01,1.426024955436720199e-01,3.858520900321543712e-01,5.058823529411764497e-01,4.000000000000000222e-01,0.000000000000000000e+00,0.000000000000000000e+00
5.000000000000000000e-01,2.857142857142856429e-01,6.363636363636363535e-01,1.666666666666666297e-01,9.858064516129031452e-01,4.831150930392832943e-01,7.011844728509440960e-01,3.155080213903743713e-01,7.041800643086817413e-01,3.294117647058823484e-01,6.555555555555555580e-01,0.000000000000000000e+00,1.833449451798613728e-03
8.750000000000000000e-01,5.714285714285712858e-01,4.545454545454544748e-01,3.333333333333334259e-01,9.354838709677422148e-01,5.055134390075809447e-01,4.330948751026151289e-01,2.263814616755792375e-01,5.594855305466239770e-01,3.294117647058823484e-01,5.000000000000001110e-01,0.000000000000000000e+00,0.000000000000000000e+00
6.250000000000000000e-01,4.285714285714284921e-01,6.363636363636363535e-01,3.333333333333334259e-01,9.974193548387098041e-01,4.341833218470019795e-01,6.597865603377508492e-01,2.941176470588235392e-01,6.816720257234728519e-01,2.117647058823529382e-01,4.555555555555554914e-01,0.000000000000000000e+00,2.300979062007260743e-03
7.500000000000000000e-01,2.857142857142856429e-01,7.272727272727272929e-01,6.666666666666665186e-01,9.470967741935486517e-01,3.373535492763611310e-01,8.647824557288612546e-01,1.711229946524064072e-01,5.659163987138264851e-01,3.764705882352941679e-01,2.555555555555554803e-01,0.000000000000000000e+00,1.576766528546807945e-03
5.000000000000000000e-01,5.714285714285712858e-01,1.818181818181817400e-01,8.333333333333331483e-01,9.277419354838708498e-01,1.688490696071675012e-01,1.084789492201243266e-01,1.390374331550801867e-01,4.147909967845659907e-01,5.764705882352940680e-01,4.000000000000000222e-01,0.000000000000000000e+00,1.282497891533130457e-02
6.250000000000000000e-01,1.428571428571428770e-01,8.181818181818182323e-01,1.666666666666666297e-01,9.277419354838708498e-01,1.181943487250172453e-01,7.754192564794182285e-01,1.194295900178252989e-01,6.270096463022509781e-01,1.058823529411764691e-01,4.555555555555554914e-01,0.000000000000000000e+00,0.000000000000000000e+00
1.250000000000000000e-01,4.285714285714284921e-01,7.272727272727272929e-01,3.333333333333334259e-01,9.212903225806452490e-01,2.818745692625775345e-01,8.535240999179080079e-01,1.105169340463457855e-01,5.176848874598072303e-01,3.529411764705882026e-01,2.000000000000000111e-01,0.000000000000000000e+00,4.473616662388617618e-03
0.000000000000000000e+00,1.428571428571428770e-01,7.272727272727272929e-01,0.000000000000000000e+00,9.019354838709675581e-01,3.125430737422467131e-01,8.232672686759704428e-01,1.265597147950089374e-01,3.279742765273312433e-01,6.823529411764704955e-01,6.555555555555555580e-01,0.000000000000000000e+00,2.779509368926699059e-02
2.500000000000000000e-01,2.857142857142856429e-01,6.363636363636363535e-01,0.000000000000000000e+00,9.393548387096776198e-01,4.972432804962095276e-01,7.039990618036825465e-01,1.907308377896612672e-01,2.604501607717042422e-01,6.941176470588236169e-01,2.000000000000000111e-01,0.000000000000000000e+00,0.000000000000000000e+00
1.250000000000000000e-01,0.000000000000000000e+00,6.363636363636363535e-01,8.333333333333331483e-01,9.651612903225808004e-01,4.765678842177809016e-01,6.875806262460421037e-01,3.618538324420678132e-01,6.655948553054662487e-01,1.882352941176470562e-01,7.555555555555556468e-01,0.000000000000000000e+00,1.416339701514428978e-02
7.500000000000000000e-01,4.285714285714284921e-01,6.363636363636363535e-01,8.333333333333331483e-01,9.677419354838707743e-01,7.925568573397655525e-01,8.293655447402369374e-01,1.497326203208556583e-01,7.781350482315112504e-01,2.117647058823529382e-01,3.555555555555555136e-01,0.000000000000000000e+00,0.000000000000000000e+00
2.500000000000000000e-01,2.857142857142856429e-01,7.272727272727272929e-01,0.000000000000000000e+00,9.432258064516130247e-01,2.667126119917298532e-01,8.401548023924005903e-01,1.639928698752227687e-01,5.369774919614147546e-01,2.352941176470588480e-01,2.555555555555554803e-01,0.000000000000000000e+00,0.000000000000000000e+00
3.750000000000000000e-01,5.714285714285712858e-01,7.272727272727272929e-01,1.000000000000000000e+00,9.651612903225808004e-01,5.106822880771881845e-01,8.451976075993902215e-01,1.443850267379679086e-01,8.392282958199357434e-01,1.294117647058823928e-01,2.999999999999999889e-01,0.000000000000000000e+00,5.876205493014556580e-02
8.750000000000000000e-01,5.714285714285712858e-01,6.363636363636363535e-01,1.666666666666666297e-01,9.987096774193547910e-01,6.202618883528600024e-01,7.778820218130643172e-01,2.549019607843137636e-01,6.237942122186497240e-01,5.882352941176469674e-01,5.000000000000001110e-01,1.250000000000000000e-01,0.000000000000000000e+00
7.500000000000000000e-01,2.857142857142856429e-01,6.363636363636363535e-01,0.000000000000000000e+00,9.393548387096776198e-01,8.170227429359060434e-01,8.475430983933388562e-01,1.336898395721924926e-01,4.983922829581993730e-01,5.882352941176469674e-01,4.000000000000000222e-01,0.000000000000000000e+00,0.000000000000000000e+00
1.250000000000000000e-01,0.000000000000000000e+00,1.818181818181817400e-01,1.000000000000000000e+00,9.109677419354835770e-01,1.729841488628531820e-01,1.105898909346780812e-01,1.711229946524064072e-01,1.061093247588424660e-01,5.176470588235293491e-01,6.555555555555555580e-01,0.000000000000000000e+00,0.000000000000000000e+00
5.000000000000000000e-01,4.285714285714284921e-01,1.818181818181817400e-01,8.333333333333331483e-01,9.419354838709680378e-01,1.195727084769124815e-01,8.549313943942771221e-02,1.390374331550801867e-01,4.147909967845659907e-01,1.411764705882352922e-01,5.555555555555554692e-01,0.000000000000000000e+00,0.000000000000000000e+00
2.500000000000000000e-01,2.857142857142856429e-01,6.363636363636363535e-01,6.666666666666665186e-01,9.406451612903226067e-01,3.835286009648519179e-01,6.627184238301865316e-01,1.586452762923351023e-01,2.893890675241156951e-01,8.117647058823529438e-01,7.999999999999999334e-01,0.000000000000000000e+00,3.025191595467712456e-03
3.750000000000000000e-01,1.428571428571428770e-01,7.272727272727272929e-01,8.333333333333331483e-01,9.483870967741936386e-01,3.487250172294968920e-01,8.720534771901019555e-01,1.497326203208556583e-01,6.848874598070739950e-01,1.411764705882352922e-01,4.000000000000000222e-01,0.000000000000000000e+00,3.052693337244691794e-03
2.500000000000000000e-01,2.857142857142856429e-01,1.818181818181817400e-01,8.333333333333331483e-01,9.419354838709680378e-01,1.195727084769124815e-01,8.549313943942771221e-02,1.390374331550801867e-01,4.180064308681671337e-01,1.411764705882352922e-01,5.000000000000001110e-01,0.000000000000000000e+00,0.000000000000000000e+00
5.000000000000000000e-01,2.857142857142856429e-01,1.818181818181817400e-01,6.666666666666665186e-01,9.419354838709680378e-01,1.109579600275672068e-01,8.162307962941246775e-02,1.604278074866309911e-01,4.308681672025724274e-01,1.176470588235294518e-01,6.555555555555555580e-01,0.000000000000000000e+00,0.000000000000000000e+00
1.000000000000000000e+00,1.000000000000000000e+00,5.454545454545454142e-01,5.000000000000000000e-01,9.612903225806451735e-01,3.904203997243280710e-01,6.474727336695204061e-01,1.693404634581105184e-01,9.003215434083602364e-01,1.176470588235294518e-01,4.555555555555554914e-01,0.000000000000000000e+00,2.520992996223094581e-03
1.250000000000000000e-01,2.857142857142856429e-01,6.363636363636363535e-01,3.333333333333334259e-01,9.470967741935486517e-01,3.793935217091661261e-01,7.578280755248035794e-01,1.711229946524064072e-01,5.884244372990353744e-01,2.352941176470588480e-01,4.000000000000000222e-01,0.000000000000000000e+00,1.503428550474863188e-03
7.500000000000000000e-01,2.857142857142856429e-01,7.272727272727272929e-01,6.666666666666665186e-01,9.470967741935486517e-01,3.373535492763611310e-01,8.647824557288612546e-01,1.711229946524064072e-01,5.305466237942122465e-01,4.117647058823529771e-01,2.000000000000000111e-01,0.000000000000000000e+00,5.472846613618861412e-03
8.750000000000000000e-01,5.714285714285712858e-01,8.181818181818182323e-01,3.333333333333334259e-01,9.380645161290324108e-01,1.268090971743625062e-01,7.809311598451974534e-01,9.269162210338681429e-02,5.787781350482316123e-01,2.588235294117647856e-01,2.555555555555554803e-01,0.000000000000000000e+00,1.255912874482050662e-02
8.750000000000000000e-01,5.714285714285712858e-01,6.363636363636363535e-01,1.000000000000000000e+00,9.225806451612903469e-01,3.394210889042040269e-01,7.309722059340918454e-01,1.122994652406417299e-01,4.501607717041801182e-01,5.176470588235293491e-01,2.999999999999999889e-01,0.000000000000000000e+00,2.939936195959077028e-02
7.500000000000000000e-01,2.857142857142856429e-01,7.272727272727272929e-01,1.000000000000000000e+00,9.329032258064513528e-01,9.483115093039283794e-01,9.583675384074119563e-01,1.265597147950089374e-01,3.729903536977492440e-01,7.294117647058824261e-01,7.999999999999999334e-01,0.000000000000000000e+00,1.013897546844633527e-02
