2.899527983816587579e-02,1.232464929859719283e-01,2.492492492492492939e-01,2.500000000000000000e-01,9.615384615384617306e-02,4.545454545454545581e-02,7.604895104895104119e-02
3.122049898853674899e-01,1.002004008016031547e-03,7.007007007007006946e-03,0.000000000000000000e+00,1.923076923076923184e-02,5.681818181818181976e-03,0.000000000000000000e+00
2.697235333782873126e-02,1.232464929859719283e-01,3.743743743743743746e-01,2.500000000000000000e-01,2.307692307692308098e-01,9.090909090909091161e-02,2.019230769230768718e-01
2.225219150370869731e-02,8.003507014028055089e-02,1.629129129129129050e-01,1.171875000000000000e-01,2.307692307692308098e-01,1.363636363636363535e-01,2.272727272727272790e-02
2.629804450438300717e-02,1.232464929859719283e-01,2.492492492492492939e-01,0.000000000000000000e+00,1.923076923076923184e-02,4.545454545454545581e-02,3.496503496503495373e-02
2.225219150370869731e-02,6.062124248496993800e-02,1.241241241241241300e-01,3.125000000000000000e-02,1.923076923076923184e-02,2.840909090909091161e-02,5.681818181818180935e-02
1.233985165205664231e-01,2.930861723446893594e-02,6.156156156156157577e-02,0.000000000000000000e+00,1.923076923076923184e-02,2.272727272727272790e-02,2.097902097902097640e-02
6.675657451112609886e-02,6.062124248496993800e-02,1.241241241241241300e-01,1.250000000000000000e-01,9.615384615384617306e-02,1.590909090909090884e-01,5.594405594405593013e-02
5.279838165879973122e-01,2.204408817635270315e-02,3.028028028028028132e-02,0.000000000000000000e+00,0.000000000000000000e+00,0.000000000000000000e+00,1.223776223776224144e-02
1.099123398516520383e-01,6.062124248496993800e-02,1.241241241241241300e-01,3.125000000000000000e-02,1.923076923076923184e-02,3.409090909090908839e-02,3.846153846153845673e-02
1.233985165205664231e-01,2.930861723446893594e-02,3.028028028028028132e-02,0.000000000000000000e+00,1.923076923076923184e-02,1.136363636363636569e-02,1.660839160839160805e-02
3.122049898853674899e-01,2.930861723446893594e-02,6.156156156156157577e-02,0.000000000000000000e+00,0.000000000000000000e+00,0.000000000000000000e+00,3.409090909090908839e-02
2.629804450438300717e-02,1.620741482965931402e-01,3.269832332332331948e-01,1.171875000000000000e-01,2.307692307692308098e-01,1.363636363636363535e-01,8.741258741258739473e-02
8.496291301416049324e-02,9.506513026052103299e-02,9.597097097097097296e-02,0.000000000000000000e+00,9.615384615384617306e-02,1.136363636363636465e-01,2.360139860139860712e-02
1.908293998651382495e-01,1.002004008016031851e-02,1.866866866866866981e-01,2.343750000000000000e-02,1.923076923076923184e-02,1.363636363636363535e-01,4.108391608391608052e-02
1.132838840188806484e-01,6.062124248496993800e-02,2.492492492492492939e-01,6.250000000000000000e-02,1.923076923076923184e-02,3.409090909090908839e-02,6.118881118881118464e-02
8.293998651382333831e-02,6.062124248496993800e-02,6.156156156156157577e-02,3.125000000000000000e-02,1.923076923076923184e-02,1.136363636363636465e-01,1.398601398601398774e-02
1.416048550236007758e-02,4.989979959919839114e-01,4.994994994994996218e-01,5.000000000000000000e-01,3.076923076923077094e-01,1.818181818181818232e-01,4.405594405594405183e-01
8.293998651382333831e-02,6.062124248496993800e-02,1.241241241241241300e-01,1.250000000000000000e-01,1.923076923076923184e-02,3.068181818181818232e-01,5.244755244755244794e-02
8.766014834794333410e-03,4.989979959919839114e-01,4.994994994994996218e-01,1.000000000000000000e+00,3.076923076923077094e-01,1.363636363636363535e-01,4.405594405594405183e-01
0.000000000000000000e+00,1.232464929859719283e-01,2.492492492492492939e-01,1.250000000000000000e-01,1.153846153846154049e-01,6.818181818181817677e-02,1.110139860139860019e-01
1.416048550236007758e-02,1.232464929859719283e-01,1.241241241241241300e-01,1.250000000000000000e-01,3.076923076923077094e-01,1.818181818181818232e-01,9.615384615384614531e-02
3.573836817262305426e-02,1.232464929859719283e-01,1.866866866866866981e-01,3.125000000000000000e-02,1.153846153846154049e-01,4.545454545454545581e-02,6.031468531468531236e-02
5.057316250842885941e-02,6.062124248496993800e-02,1.241241241241241300e-01,1.562500000000000000e-02,1.923076923076923184e-02,3.409090909090908839e-02,3.846153846153845673e-02
1.908293998651382495e-01,2.204408817635270315e-02,1.866866866866866981e-01,2.343750000000000000e-02,1.153846153846154049e-01,1.363636363636363535e-01,3.846153846153845673e-02
5.394470667565744171e-03,3.901553106212423544e-02,3.997747747747747854e-02,5.117187500000000000e-01,2.307692307692308098e-01,1.363636363636363535e-01,3.164335664335664045e-01
1.099123398516520383e-01,1.402805611222444904e-02,6.156156156156157577e-02,0.000000000000000000e+00,1.923076923076923184e-02,1.704545454545454419e-02,1.311188811188811199e-02
6.271072151045180287e-02,2.930861723446893594e-02,1.866866866866866981e-01,6.250000000000000000e-02,1.923076923076923184e-02,1.136363636363636569e-02,4.720279720279720037e-02
2.629804450438300717e-02,1.232464929859719283e-01,1.866866866866866981e-01,0.000000000000000000e+00,1.923076923076923184e-02,4.545454545454545581e-02,3.146853146853146460e-02
8.091706001348616256e-03,2.484969939879759504e-01,4.994994994994996218e-01,1.250000000000000000e-01,1.538461538461538547e-01,1.818181818181818232e-01,2.298951048951048959e-01
4.922454484153743204e-02,6.012024048096192320e-03,1.463963963963964103e-02,0.000000000000000000e+00,5.769230769230770245e-02,5.681818181818182323e-02,9.615384615384617653e-03
2.582602832097101175e-01,2.930861723446893594e-02,4.592092092092092681e-02,0.000000000000000000e+00,1.923076923076923184e-02,1.136363636363636569e-02,2.797202797202796506e-02
9.642616318273768139e-02,1.402805611222444904e-02,6.156156156156157577e-02,7.812500000000000000e-03,1.923076923076923184e-02,2.840909090909091161e-02,2.097902097902097640e-02
6.405933917734323024e-02,2.930861723446893594e-02,1.463963963963964103e-02,0.000000000000000000e+00,1.923076923076923184e-02,2.272727272727272790e-02,1.748251748251747817e-03
7.821982467970330088e-02,2.930861723446893594e-02,1.866866866866866981e-01,3.515625000000000000e-02,5.769230769230770245e-02,6.818181818181817677e-02,5.769230769230770245e-02
6.068779501011461325e-03,2.484969939879759504e-01,2.492492492492492939e-01,0.000000000000000000e+00,1.538461538461538547e-01,9.090909090909091161e-02,1.564685314685315132e-01
1.011463250168577188e-01,1.440380761523046317e-02,3.028028028028028132e-02,3.125000000000000000e-02,7.692307692307692735e-02,8.522727272727273484e-02,1.136363636363636569e-02
1.550910316925151883e-02,2.484969939879759504e-01,2.492492492492492939e-01,1.250000000000000000e-01,1.538461538461538547e-01,9.090909090909091161e-02,1.818181818181818232e-01
8.293998651382333831e-02,6.062124248496993800e-02,4.994994994994996218e-01,1.250000000000000000e-01,1.923076923076923184e-02,3.068181818181818232e-01,1.599650349650349468e-01
2.110586648685097433e-01,2.930861723446893594e-02,3.028028028028028132e-02,0.000000000000000000e+00,1.923076923076923184e-02,1.136363636363636569e-02,8.741258741258738432e-03
2.225219150370869731e-02,2.930861723446893594e-02,1.241241241241241300e-01,3.125000000000000000e-02,5.769230769230770245e-02,2.840909090909091161e-02,2.622377622377622397e-02
