7.282535401213754978e-02,6.012024048096192320e-03,9.284284284284284594e-02,1.000000000000000000e+00,3.076923076923077094e-01,7.272727272727272929e-01,1.678321678321678390e-01
7.302764666217126388e-01,1.402805611222444904e-02,2.245995995995996378e-02,0.000000000000000000e+00,1.923076923076923184e-02,5.681818181818181976e-03,8.741258741258739083e-04
2.225219150370869731e-02,6.062124248496993800e-02,2.492492492492492939e-01,3.125000000000000000e-02,5.769230769230770245e-02,3.409090909090908839e-02,4.020979020979020824e-02
2.225219150370869731e-02,2.930861723446893594e-02,6.156156156156157577e-02,3.125000000000000000e-02,5.769230769230770245e-02,2.840909090909091161e-02,1.748251748251748380e-02
4.045853000674308128e-03,1.000000000000000000e+00,1.000000000000000000e+00,5.000000000000000000e-01,6.153846153846154188e-01,3.636363636363636465e-01,9.947552447552447941e-01
2.832097100472015516e-02,2.484969939879759504e-01,2.492492492492492939e-01,2.500000000000000000e-01,2.307692307692308098e-01,1.363636363636363535e-01,1.590909090909090884e-01
9.642616318273768139e-02,6.062124248496993800e-02,1.241241241241241300e-01,1.250000000000000000e-01,1.923076923076923184e-02,7.386363636363635354e-02,9.003496503496501158e-02
8.091706001348616256e-03,2.484969939879759504e-01,4.994994994994996218e-01,1.250000000000000000e-01,1.538461538461538547e-01,1.818181818181818232e-01,1.451048951048951041e-01
1.402562373567093623e-01,6.062124248496993800e-02,6.156156156156157577e-02,3.125000000000000000e-02,5.769230769230770245e-02,3.409090909090908839e-02,2.972027972027972351e-02
1.908293998651382495e-01,4.008016032064127057e-03,1.101101101101101092e-02,2.343750000000000000e-02,1.153846153846154049e-01,1.363636363636363535e-01,2.622377622377622397e-02
8.293998651382333831e-02,6.062124248496993800e-02,6.156156156156157577e-02,0.000000000000000000e+00,7.692307692307692735e-02,4.545454545454545581e-02,2.972027972027972351e-02
5.347269049224544490e-01,2.930861723446893594e-02,7.720220220220219698e-02,0.000000000000000000e+00,1.923076923076923184e-02,5.681818181818181976e-03,1.223776223776224144e-02
8.091706001348616256e-03,2.484969939879759504e-01,4.994994994994996218e-01,1.250000000000000000e-01,1.538461538461538547e-01,1.818181818181818232e-01,1.870629370629371124e-01
5.057316250842885941e-02,6.062124248496993800e-02,1.241241241241241300e-01,1.250000000000000000e-01,1.923076923076923184e-02,3.409090909090908839e-02,4.895104895104895187e-02
2.225219150370869731e-02,6.062124248496993800e-02,4.994994994994996218e-01,9.375000000000000000e-02,1.153846153846154049e-01,1.477272727272727071e-01,9.440559440559440074e-02
5.933917734322318588e-02,6.062124248496993800e-02,6.156156156156157577e-02,3.125000000000000000e-02,5.769230769230770245e-02,4.545454545454545581e-02,1.398601398601398774e-02
2.225219150370869731e-02,6.062124248496993800e-02,2.492492492492492939e-01,9.375000000000000000e-02,1.923076923076923184e-02,3.409090909090908839e-02,5.594405594405593013e-02
5.347269049224544490e-01,1.402805611222444904e-02,7.007007007007006946e-03,3.125000000000000000e-02,1.923076923076923184e-02,5.681818181818181976e-03,1.048951048951049167e-02
5.461901550910316233e-02,2.930861723446893594e-02,1.241241241241241300e-01,1.250000000000000000e-01,3.846153846153846367e-02,4.545454545454545581e-02,3.496503496503495373e-02
5.596763317599459664e-02,2.930861723446893594e-02,1.241241241241241300e-01,0.000000000000000000e+00,3.846153846153846367e-02,3.409090909090908839e-02,8.741258741258738432e-03
1.416048550236007758e-02,2.484969939879759504e-01,4.994994994994996218e-01,2.500000000000000000e-01,1.538461538461538547e-01,1.363636363636363535e-01,2.797202797202796298e-01
1.402562373567093623e-01,6.062124248496993800e-02,6.156156156156157577e-02,3.125000000000000000e-02,5.769230769230770245e-02,3.409090909090908839e-02,2.447552447552447594e-02
7.821982467970330088e-02,2.930861723446893594e-02,1.241241241241241300e-01,3.515625000000000000e-02,5.769230769230770245e-02,6.818181818181817677e-02,5.769230769230770245e-02
2.582602832097101175e-01,6.062124248496993800e-02,6.156156156156157577e-02,0.000000000000000000e+00,1.923076923076923184e-02,5.681818181818181976e-03,2.272727272727272790e-02
1.368846931894807384e-01,2.930861723446893594e-02,1.241241241241241300e-01,6.250000000000000000e-02,1.923076923076923184e-02,1.136363636363636569e-02,5.681818181818180935e-02
5.279838165879973122e-01,6.012024048096192320e-03,1.241241241241241300e-01,0.000000000000000000e+00,1.923076923076923184e-02,2.272727272727272790e-02,5.244755244755244100e-03
1.908293998651382495e-01,2.204408817635270315e-02,6.938188188188189331e-02,0.000000000000000000e+00,1.923076923076923184e-02,1.363636363636363535e-01,3.409090909090908839e-02
5.057316250842885941e-02,6.062124248496993800e-02,1.241241241241241300e-01,1.250000000000000000e-01,1.923076923076923184e-02,3.409090909090908839e-02,4.720279720279720037e-02
1.908293998651382495e-01,2.930861723446893594e-02,6.156156156156157577e-02,3.125000000000000000e-02,5.769230769230770245e-02,3.636363636363636465e-01,2.797202797202796506e-02
2.225219150370869731e-02,6.062124248496993800e-02,2.492492492492492939e-01,3.125000000000000000e-02,5.769230769230770245e-02,3.409090909090908839e-02,4.720279720279720037e-02
3.910991233985165044e-02,6.062124248496993800e-02,1.241241241241241300e-01,3.125000000000000000e-02,5.769230769230770245e-02,1.363636363636363535e-01,4.895104895104895187e-02
1.550910316925151883e-02,2.484969939879759504e-01,4.994994994994996218e-01,2.500000000000000000e-01,1.538461538461538547e-01,1.363636363636363535e-01,2.368881118881119574e-01
8.293998651382333831e-02,6.062124248496993800e-02,4.994994994994996218e-01,1.250000000000000000e-01,1.923076923076923184e-02,3.068181818181818232e-01,1.180069930069929940e-01
8.766014834794333410e-03,2.484969939879759504e-01,1.000000000000000000e+00,3.750000000000000000e-01,2.307692307692308098e-01,1.000000000000000000e+00,7.945804195804195835e-01
8.968307484828050291e-02,1.402805611222444904e-02,6.156156156156157577e-02,0.000000000000000000e+00,1.538461538461538547e-01,7.272727272727272929e-01,2.097902097902097640e-02
8.496291301416049324e-02,1.402805611222444904e-02,7.720220220220219698e-02,0.000000000000000000e+00,1.346153846153846367e-01,1.818181818181818232e-01,1.923076923076923184e-02
1.908293998651382495e-01,2.930861723446893594e-02,2.492492492492492939e-01,3.125000000000000000e-02,3.846153846153846367e-02,6.363636363636363535e-01,2.797202797202796506e-02
4.045853000674308128e-03,4.989979959919839114e-01,4.994994994994996218e-01,2.500000000000000000e-01,3.076923076923077094e-01,1.818181818181818232e-01,3.155594405594405183e-01
4.045853000674308128e-03,4.989979959919839114e-01,1.000000000000000000e+00,2.500000000000000000e-01,3.076923076923077094e-01,1.818181818181818232e-01,5.506993006993007311e-01
0.000000000000000000e+00,1.232464929859719283e-01,2.492492492492492939e-01,3.125000000000000000e-02,1.153846153846154049e-01,6.818181818181817677e-02,8.216783216783216104e-02
6.271072151045180287e-02,2.930861723446893594e-02,6.156156156156157577e-02,6.250000000000000000e-02,1.923076923076923184e-02,1.136363636363636569e-02,1.748251748251748380e-02
