5.933917734322318588e-02,2.930861723446893594e-02,6.156156156156157577e-02,0.000000000000000000e+00,5.769230769230770245e-02,1.363636363636363535e-01,2.272727272727272790e-02
4.045853000674308128e-03,4.989979959919839114e-01,4.994994994994996218e-01,2.500000000000000000e-01,3.076923076923077094e-01,1.818181818181818232e-01,4.222027972027971865e-01
2.360080917060013161e-02,1.232464929859719283e-01,2.492492492492492939e-01,1.250000000000000000e-01,7.692307692307692735e-02,6.818181818181817677e-02,1.083916083916083850e-01
1.099123398516520383e-01,6.199899799599197653e-03,6.156156156156157577e-02,0.000000000000000000e+00,1.923076923076923184e-02,1.704545454545454419e-02,1.048951048951049167e-02
9.642616318273768139e-02,2.930861723446893594e-02,1.241241241241241300e-01,6.250000000000000000e-02,1.923076923076923184e-02,7.954545454545454419e-02,4.720279720279720037e-02
1.416048550236007758e-02,2.484969939879759504e-01,2.492492492492492939e-01,2.500000000000000000e-01,7.692307692307692735e-02,4.545454545454545581e-02,8.216783216783216104e-02
1.000000000000000000e+00,2.204408817635270315e-02,1.463963963963964103e-02,0.000000000000000000e+00,0.000000000000000000e+00,0.000000000000000000e+00,5.244755244755244100e-03
3.708698583951449551e-02,6.062124248496993800e-02,1.241241241241241300e-01,6.250000000000000000e-02,1.153846153846154049e-01,4.545454545454545581e-02,8.653846153846153633e-02
1.233985165205664231e-01,2.930861723446893594e-02,1.241241241241241300e-01,0.000000000000000000e+00,1.923076923076923184e-02,1.136363636363636569e-02,2.622377622377622397e-02
1.099123398516520383e-01,2.204408817635270315e-02,1.866866866866866981e-01,2.343750000000000000e-02,1.923076923076923184e-02,1.761363636363636465e-01,6.818181818181817677e-02
2.245448415374240725e-01,0.000000000000000000e+00,0.000000000000000000e+00,0.000000000000000000e+00,1.923076923076923184e-02,2.272727272727272790e-02,3.496503496503496934e-03
6.068779501011461325e-03,2.484969939879759504e-01,3.743743743743743746e-01,1.250000000000000000e-01,1.538461538461538547e-01,9.090909090909091161e-02,1.459790209790209903e-01
2.225219150370869731e-02,6.062124248496993800e-02,2.492492492492492939e-01,9.375000000000000000e-02,1.923076923076923184e-02,3.409090909090908839e-02,6.468531468531468764e-02
3.910991233985165044e-02,6.062124248496993800e-02,2.492492492492492939e-01,5.000000000000000000e-01,1.923076923076923184e-02,2.159090909090908839e-01,2.211538461538461453e-01
2.225219150370869731e-02,6.062124248496993800e-02,2.492492492492492939e-01,9.375000000000000000e-02,1.153846153846154049e-01,9.090909090909091161e-02,5.157342657342656178e-02
5.596763317599459664e-02,2.930861723446893594e-02,1.241241241241241300e-01,9.375000000000000000e-02,5.769230769230770245e-02,3.409090909090908839e-02,2.272727272727272790e-02
7.215104517869182221e-02,2.930861723446893594e-02,1.241241241241241300e-01,0.000000000000000000e+00,1.923076923076923184e-02,4.545454545454545581e-02,3.146853146853146460e-02
5.279838165879973122e-01,6.012024048096192320e-03,1.241241241241241300e-01,0.000000000000000000e+00,1.923076923076923184e-02,2.272727272727272790e-02,6.993006993006993001e-03
7.282535401213754978e-02,1.402805611222444904e-02,1.463963963963964103e-02,0.000000000000000000e+00,1.538461538461538547e-01,1.136363636363636465e-01,2.622377622377622397e-02
6.271072151045180287e-02,9.506513026052103299e-02,9.597097097097097296e-02,0.000000000000000000e+00,1.153846153846154049e-01,3.636363636363636465e-01,6.118881118881118464e-02
8.293998651382333831e-02,6.062124248496993800e-02,6.156156156156157577e-02,3.125000000000000000e-02,1.923076923076923184e-02,1.136363636363636465e-01,2.534965034965035169e-02
5.933917734322318588e-02,6.062124248496993800e-02,1.241241241241241300e-01,6.250000000000000000e-02,7.692307692307692735e-02,7.954545454545454419e-02,4.545454545454544887e-02
2.629804450438300717e-02,6.062124248496993800e-02,1.241241241241241300e-01,0.000000000000000000e+00,1.923076923076923184e-02,4.545454545454545581e-02,1.573426573426573577e-02
5.279838165879973122e-01,6.012024048096192320e-03,1.241241241241241300e-01,0.000000000000000000e+00,1.923076923076923184e-02,2.272727272727272790e-02,8.741258741258738432e-03
8.496291301416049324e-02,7.001503006012024799e-02,9.597097097097097296e-02,0.000000000000000000e+00,1.153846153846154049e-01,3.636363636363636465e-01,4.807692307692307265e-02
1.416048550236007758e-02,2.484969939879759504e-01,3.743743743743743746e-01,6.250000000000000000e-01,7.692307692307692735e-02,4.545454545454545581e-02,1.171328671328671217e-01
1.254214430209035502e-01,2.930861723446893594e-02,3.028028028028028132e-02,0.000000000000000000e+00,1.923076923076923184e-02,2.840909090909091161e-02,1.573426573426573577e-02
5.279838165879973122e-01,6.012024048096192320e-03,1.241241241241241300e-01,0.000000000000000000e+00,1.923076923076923184e-02,2.272727272727272790e-02,1.398601398601398774e-02
8.496291301416049324e-02,4.496492985971942830e-02,9.753503503503500871e-02,0.000000000000000000e+00,9.615384615384617306e-02,1.818181818181818232e-01,2.097902097902097640e-02
3.122049898853674899e-01,1.402805611222444904e-02,1.241241241241241300e-01,1.250000000000000000e-01,0.000000000000000000e+00,0.000000000000000000e+00,5.332167832167832716e-02
1.416048550236007758e-02,1.232464929859719283e-01,2.492492492492492939e-01,5.000000000000000000e-01,3.076923076923077094e-01,1.818181818181818232e-01,1.800699300699300787e-01
2.225219150370869731e-02,6.062124248496993800e-02,6.156156156156157577e-02,0.000000000000000000e+00,5.769230769230770245e-02,3.409090909090908839e-02,1.835664335664335955e-02
3.910991233985165044e-02,6.062124248496993800e-02,2.492492492492492939e-01,2.500000000000000000e-01,1.923076923076923184e-02,2.159090909090908839e-01,1.206293706293706525e-01
2.225219150370869731e-02,1.365230460921843490e-02,3.028028028028028132e-02,3.125000000000000000e-02,1.923076923076923184e-02,2.272727272727272790e-02,1.223776223776224144e-02
2.225219150370869731e-02,1.232464929859719283e-01,2.492492492492492939e-01,2.539062500000000000e-01,1.923076923076923184e-02,4.545454545454545581e-02,1.153846153846153771e-01
4.605529332434254997e-01,6.012024048096192320e-03,3.028028028028028132e-02,0.000000000000000000e+00,1.923076923076923184e-02,5.681818181818181976e-03,1.573426573426573577e-02
6.068779501011461325e-03,2.484969939879759504e-01,4.994994994994996218e-01,0.000000000000000000e+00,1.538461538461538547e-01,1.363636363636363535e-01,2.368881118881119574e-01
5.954146999325691247e-01,2.930861723446893594e-02,6.156156156156157577e-02,3.125000000000000000e-02,1.923076923076923184e-02,1.136363636363636569e-02,1.398601398601398774e-02
1.503708698583951231e-01,1.402805611222444904e-02,1.463963963963964103e-02,3.125000000000000000e-02,1.923076923076923184e-02,1.704545454545454419e-02,0.000000000000000000e+00
9.642616318273768139e-02,1.402805611222444904e-02,3.028028028028028132e-02,7.812500000000000000e-03,5.769230769230770245e-02,4.545454545454545581e-02,2.272727272727272790e-02
3.910991233985165044e-02,1.232464929859719283e-01,2.492492492492492939e-01,6.250000000000000000e-02,1.923076923076923184e-02,3.409090909090908839e-02,5.244755244755244794e-02
