5.954146999325691247e-01,1.402805611222444904e-02,1.463963963963964103e-02,0.000000000000000000e+00,1.923076923076923184e-02,1.136363636363636569e-02,4.370629370629370083e-03
5.954146999325691247e-01,2.930861723446893594e-02,1.463963963963964103e-02,0.000000000000000000e+00,1.923076923076923184e-02,1.136363636363636569e-02,4.370629370629370083e-03
2.629804450438300717e-02,6.062124248496993800e-02,9.284284284284284594e-02,0.000000000000000000e+00,1.923076923076923184e-02,4.545454545454545581e-02,1.311188811188811199e-02
2.043155765340525509e-01,2.004008016032063962e-03,9.284284284284284594e-02,0.000000000000000000e+00,1.923076923076923184e-02,6.818181818181817677e-02,1.486013986013986002e-02
2.043155765340525509e-01,6.012024048096192320e-03,7.720220220220219698e-02,1.562500000000000000e-02,1.923076923076923184e-02,3.409090909090908839e-02,1.835664335664335955e-02
1.099123398516520383e-01,6.199899799599197653e-03,6.156156156156157577e-02,0.000000000000000000e+00,1.923076923076923184e-02,1.704545454545454419e-02,5.244755244755244100e-03
2.225219150370869731e-02,6.062124248496993800e-02,2.492492492492492939e-01,4.687500000000000000e-02,5.769230769230770245e-02,9.090909090909091161e-02,3.409090909090908839e-02
2.582602832097101175e-01,1.402805611222444904e-02,5.374124124124125129e-02,1.562500000000000000e-02,1.923076923076923184e-02,3.409090909090908839e-02,2.972027972027972351e-02
1.571139581928523155e-01,1.402805611222444904e-02,6.156156156156157577e-02,0.000000000000000000e+00,7.692307692307692735e-02,3.977272727272727210e-02,3.846153846153845673e-02
1.402562373567093623e-01,2.930861723446893594e-02,6.156156156156157577e-02,7.812500000000000000e-03,5.769230769230770245e-02,3.409090909090908839e-02,1.573426573426573577e-02
1.416048550236007758e-02,1.232464929859719283e-01,1.241241241241241300e-01,1.250000000000000000e-01,3.076923076923077094e-01,1.818181818181818232e-01,3.933566433566432902e-02
7.302764666217126388e-01,2.204408817635270315e-02,3.028028028028028132e-02,0.000000000000000000e+00,1.923076923076923184e-02,5.681818181818181976e-03,6.118881118881118984e-03
3.931220498988536871e-01,2.204408817635270315e-02,3.028028028028028132e-02,0.000000000000000000e+00,1.923076923076923184e-02,5.681818181818181976e-03,8.741258741258738432e-03
6.068779501011461325e-03,2.484969939879759504e-01,4.994994994994996218e-01,2.500000000000000000e-01,1.538461538461538547e-01,1.818181818181818232e-01,2.727272727272727071e-01
2.225219150370869731e-02,6.062124248496993800e-02,4.994994994994996218e-01,1.875000000000000000e-01,5.000000000000000000e-01,2.954545454545454142e-01,1.765734265734265895e-01
5.954146999325691247e-01,2.930861723446893594e-02,6.156156156156157577e-02,1.562500000000000000e-02,1.923076923076923184e-02,1.136363636363636569e-02,1.048951048951049167e-02
2.629804450438300717e-02,2.930861723446893594e-02,6.156156156156157577e-02,0.000000000000000000e+00,1.923076923076923184e-02,3.409090909090908839e-02,9.615384615384617653e-03
4.605529332434254997e-01,1.002004008016031851e-02,1.241241241241241300e-01,0.000000000000000000e+00,1.923076923076923184e-02,5.681818181818181976e-03,1.573426573426573577e-02
1.213755900202292785e-02,2.484969939879759504e-01,4.994994994994996218e-01,2.500000000000000000e-01,1.538461538461538547e-01,1.363636363636363535e-01,3.181818181818181768e-01
5.933917734322318588e-02,6.062124248496993800e-02,9.284284284284284594e-02,6.250000000000000000e-02,1.153846153846154049e-01,9.090909090909091161e-02,2.360139860139860712e-02
1.908293998651382495e-01,2.204408817635270315e-02,4.592092092092092681e-02,2.343750000000000000e-02,1.153846153846154049e-01,1.363636363636363535e-01,3.321678321678321610e-02
1.000000000000000000e+00,2.204408817635270315e-02,3.028028028028028132e-02,0.000000000000000000e+00,0.000000000000000000e+00,0.000000000000000000e+00,1.048951048951049167e-02
2.043155765340525509e-01,6.012024048096192320e-03,9.284284284284284594e-02,0.000000000000000000e+00,1.923076923076923184e-02,3.409090909090908839e-02,2.360139860139860712e-02
5.596763317599459664e-02,2.930861723446893594e-02,1.241241241241241300e-01,9.375000000000000000e-02,3.846153846153846367e-02,3.409090909090908839e-02,1.748251748251748380e-02
2.697235333782873126e-02,1.232464929859719283e-01,2.492492492492492939e-01,3.906250000000000000e-03,1.153846153846154049e-01,6.818181818181817677e-02,1.101398601398601435e-01
6.068779501011461325e-03,4.989979959919839114e-01,4.994994994994996218e-01,2.500000000000000000e-01,3.076923076923077094e-01,1.363636363636363535e-01,4.012237762237761407e-01
2.225219150370869731e-02,2.930861723446893594e-02,6.156156156156157577e-02,3.125000000000000000e-02,1.923076923076923184e-02,2.840909090909091161e-02,2.010489510489510412e-02
2.629804450438300717e-02,1.232464929859719283e-01,1.241241241241241300e-01,0.000000000000000000e+00,1.923076923076923184e-02,4.545454545454545581e-02,2.447552447552447594e-02
6.608226567768039905e-02,6.062124248496993800e-02,1.241241241241241300e-01,6.250000000000000000e-02,1.923076923076923184e-02,1.704545454545454419e-02,3.846153846153845673e-02
2.899527983816587579e-02,6.062124248496993800e-02,2.492492492492492939e-01,2.500000000000000000e-01,9.615384615384617306e-02,4.545454545454545581e-02,5.944055944055944007e-02
1.099123398516520383e-01,6.062124248496993800e-02,2.492492492492492939e-01,6.250000000000000000e-02,1.923076923076923184e-02,3.409090909090908839e-02,5.244755244755244794e-02
2.225219150370869731e-02,6.062124248496993800e-02,2.492492492492492939e-01,3.125000000000000000e-02,5.769230769230770245e-02,2.840909090909091161e-02,2.972027972027972351e-02
4.517869184086312218e-02,2.930861723446893594e-02,3.028028028028028132e-02,0.000000000000000000e+00,1.923076923076923184e-02,3.409090909090908839e-02,5.244755244755244100e-03
2.043155765340525509e-01,1.402805611222444904e-02,3.028028028028028132e-02,1.562500000000000000e-02,1.923076923076923184e-02,1.704545454545454419e-02,5.506993006993007173e-02
2.225219150370869731e-02,6.062124248496993800e-02,1.241241241241241300e-01,3.125000000000000000e-02,1.923076923076923184e-02,3.409090909090908839e-02,4.370629370629369737e-02
2.832097100472015516e-02,1.232464929859719283e-01,1.866866866866866981e-01,1.250000000000000000e-01,1.153846153846154049e-01,6.818181818181817677e-02,9.353146853146851458e-02
2.225219150370869731e-02,1.232464929859719283e-01,2.492492492492492939e-01,2.500000000000000000e-01,9.615384615384617306e-02,5.681818181818182323e-02,9.178321678321678390e-02
2.110586648685097433e-01,2.930861723446893594e-02,4.592092092092092681e-02,0.000000000000000000e+00,3.846153846153846367e-02,2.272727272727272790e-02,8.741258741258738432e-03
6.608226567768039905e-02,1.402805611222444904e-02,9.284284284284284594e-02,6.250000000000000000e-02,1.923076923076923184e-02,3.409090909090908839e-02,3.409090909090908839e-02
2.225219150370869731e-02,6.062124248496993800e-02,2.492492492492492939e-01,9.375000000000000000e-02,1.153846153846154049e-01,9.090909090909091161e-02,4.195804195804195280e-02
1.503708698583951231e-01,1.402805611222444904e-02,3.028028028028028132e-02,3.125000000000000000e-02,1.923076923076923184e-02,2.840909090909091161e-02,4.370629370629370083e-03
