5.394470667565744171e-03,6.062124248496993800e-02,1.866866866866866981e-01,3.125000000000000000e-02,1.923076923076923184e-02,2.272727272727272790e-02,3.758741258741257751e-02
6.608226567768039905e-02,6.062124248496993800e-02,6.156156156156157577e-02,7.812500000000000000e-03,1.923076923076923184e-02,2.840909090909091161e-02,2.972027972027972351e-02
3.169251517194875134e-02,1.620741482965931402e-01,3.269832332332331948e-01,1.171875000000000000e-01,2.307692307692308098e-01,1.363636363636363535e-01,1.765734265734265895e-01
2.582602832097101175e-01,1.232464929859719283e-01,1.241241241241241300e-01,0.000000000000000000e+00,1.923076923076923184e-02,5.681818181818181976e-03,2.272727272727272790e-02
7.282535401213754978e-02,6.062124248496993800e-02,1.241241241241241300e-01,0.000000000000000000e+00,3.846153846153846367e-02,7.954545454545454419e-02,4.020979020979020824e-02
5.933917734322318588e-02,6.062124248496993800e-02,6.156156156156157577e-02,3.125000000000000000e-02,5.769230769230770245e-02,1.079545454545454419e-01,2.272727272727272790e-02
5.933917734322318588e-02,6.012024048096192320e-03,3.028028028028028132e-02,0.000000000000000000e+00,5.769230769230770245e-02,5.681818181818182323e-02,1.748251748251748380e-02
5.394470667565744171e-03,3.901553106212423544e-02,3.997747747747747854e-02,5.117187500000000000e-01,2.307692307692308098e-01,1.363636363636363535e-01,2.342657342657342434e-01
8.766014834794333410e-03,2.484969939879759504e-01,1.000000000000000000e+00,5.000000000000000000e-01,2.307692307692308098e-01,1.000000000000000000e+00,1.000000000000000000e+00
6.068779501011461325e-03,2.484969939879759504e-01,4.994994994994996218e-01,5.000000000000000000e-01,4.615384615384616196e-01,1.818181818181818232e-01,3.487762237762237483e-01
6.068779501011461325e-03,2.484969939879759504e-01,4.994994994994996218e-01,2.500000000000000000e-01,2.307692307692308098e-01,9.090909090909091161e-02,2.115384615384615641e-01
2.899527983816587579e-02,1.232464929859719283e-01,2.492492492492492939e-01,1.250000000000000000e-01,1.923076923076923184e-02,3.409090909090908839e-02,6.993006993006990746e-02
1.099123398516520383e-01,1.402805611222444904e-02,6.156156156156157577e-02,0.000000000000000000e+00,1.923076923076923184e-02,1.704545454545454419e-02,6.993006993006993001e-03
2.043155765340525509e-01,1.402805611222444904e-02,7.720220220220219698e-02,1.562500000000000000e-02,1.923076923076923184e-02,2.840909090909091161e-02,6.206293706293706386e-02
2.225219150370869731e-02,2.484969939879759504e-01,2.492492492492492939e-01,1.875000000000000000e-01,1.923076923076923184e-02,5.681818181818182323e-02,1.136363636363636465e-01
1.065407956844234422e-01,6.012024048096192320e-03,3.028028028028028132e-02,0.000000000000000000e+00,5.769230769230770245e-02,1.363636363636363535e-01,1.398601398601398774e-02
6.068779501011461325e-03,4.989979959919839114e-01,4.994994994994996218e-01,2.500000000000000000e-01,1.538461538461538547e-01,1.363636363636363535e-01,4.012237762237761407e-01
3.910991233985165044e-02,9.193386773547090884e-02,1.241241241241241300e-01,3.125000000000000000e-02,5.769230769230770245e-02,2.727272727272727071e-01,5.069930069930070338e-02
2.899527983816587579e-02,6.062124248496993800e-02,1.241241241241241300e-01,2.539062500000000000e-01,1.923076923076923184e-02,4.545454545454545581e-02,7.517482517482515503e-02
8.293998651382333831e-02,6.062124248496993800e-02,4.994994994994996218e-01,1.250000000000000000e-01,1.923076923076923184e-02,1.136363636363636465e-01,1.118881118881118741e-01
5.954146999325691247e-01,6.062124248496993800e-02,6.156156156156157577e-02,0.000000000000000000e+00,5.769230769230770245e-02,3.409090909090908839e-02,2.709790209790209625e-02
8.496291301416049324e-02,2.930861723446893594e-02,3.028028028028028132e-02,0.000000000000000000e+00,9.615384615384617306e-02,9.090909090909091161e-02,2.185314685314684868e-02
5.279838165879973122e-01,6.012024048096192320e-03,1.241241241241241300e-01,0.000000000000000000e+00,1.923076923076923184e-02,2.272727272727272790e-02,1.223776223776224144e-02
2.225219150370869731e-02,1.232464929859719283e-01,4.994994994994996218e-01,4.375000000000000000e-01,1.000000000000000000e+00,5.909090909090908283e-01,3.417832167832167700e-01
8.293998651382333831e-02,2.930861723446893594e-02,2.492492492492492939e-01,6.250000000000000000e-02,1.923076923076923184e-02,1.704545454545454419e-02,1.153846153846153771e-01
2.043155765340525509e-01,1.402805611222444904e-02,1.241241241241241300e-01,1.562500000000000000e-02,1.923076923076923184e-02,2.840909090909091161e-02,2.972027972027972351e-02
1.571139581928523155e-01,2.930861723446893594e-02,2.492492492492492939e-01,3.906250000000000000e-03,1.923076923076923184e-02,4.545454545454545581e-02,3.846153846153845673e-02
1.233985165205664231e-01,6.062124248496993800e-02,1.241241241241241300e-01,2.500000000000000000e-01,1.923076923076923184e-02,2.840909090909091161e-02,3.059440559440559232e-02
2.090357383681726647e-02,1.232464929859719283e-01,3.743743743743743746e-01,1.250000000000000000e-01,1.538461538461538547e-01,1.363636363636363535e-01,1.818181818181818232e-01
1.908293998651382495e-01,2.204408817635270315e-02,4.592092092092092681e-02,0.000000000000000000e+00,1.153846153846154049e-01,1.363636363636363535e-01,2.622377622377622397e-02
3.708698583951449551e-02,1.232464929859719283e-01,2.492492492492492939e-01,2.500000000000000000e-01,1.538461538461538547e-01,9.090909090909091161e-02,1.197552447552447802e-01
2.225219150370869731e-02,6.062124248496993800e-02,4.994994994994996218e-01,4.375000000000000000e-01,1.000000000000000000e+00,5.909090909090908283e-01,2.631118881118880704e-01
2.225219150370869731e-02,8.003507014028055089e-02,1.629129129129129050e-01,1.171875000000000000e-01,2.307692307692308098e-01,1.363636363636363535e-01,4.982517482517481028e-02
8.293998651382333831e-02,6.062124248496993800e-02,6.156156156156157577e-02,0.000000000000000000e+00,5.769230769230770245e-02,3.409090909090908839e-02,2.010489510489510412e-02
2.043155765340525509e-01,6.012024048096192320e-03,4.592092092092092681e-02,1.562500000000000000e-02,1.923076923076923184e-02,1.704545454545454419e-02,1.835664335664335955e-02
3.910991233985165044e-02,6.062124248496993800e-02,1.241241241241241300e-01,2.500000000000000000e-01,1.923076923076923184e-02,2.159090909090908839e-01,1.206293706293706525e-01
1.571139581928523155e-01,1.402805611222444904e-02,6.156156156156157577e-02,0.000000000000000000e+00,1.923076923076923184e-02,3.977272727272727210e-02,1.660839160839160805e-02
2.110586648685097433e-01,2.930861723446893594e-02,6.156156156156157577e-02,0.000000000000000000e+00,5.769230769230770245e-02,3.409090909090908839e-02,1.398601398601398774e-02
1.233985165205664231e-01,1.402805611222444904e-02,2.492492492492492939e-01,0.000000000000000000e+00,7.692307692307692735e-02,1.818181818181818232e-01,2.534965034965035169e-02
5.394470667565744171e-03,6.062124248496993800e-02,1.866866866866866981e-01,6.250000000000000000e-02,5.769230769230770245e-02,2.840909090909091161e-02,5.244755244755244794e-02
8.091706001348616256e-03,2.484969939879759504e-01,2.492492492492492939e-01,1.250000000000000000e-01,1.538461538461538547e-01,9.090909090909091161e-02,1.101398601398601435e-01
